Time - Ch 1	Amplitude - Ch 1	Time - Ch 2	Amplitude - Ch 2	Time - Ch 3	Amplitude - Ch 3	Time - Ch 4	Amplitude - Ch 4	Time - Ch 5	Amplitude - Ch 5	Time - Ch 6	Amplitude - Ch 6	Time - Ch 7	Amplitude - Ch 7	Time - Ch 8	Amplitude - Ch 8
0	0.000688817	0	0.000734947	0	-4.26604E-5	0	0.000122087	0	0.000734947	0	7.59576E-5	0	0.000372503	0	0.000629508
1	0.000669048	1	0.000734947	1	-3.60705E-5	1	0.000161626	1	0.000774486	1	4.30082E-5	1	0.000412042	1	0.000603149
2	0.000669048	2	0.000734947	2	-6.90199E-5	2	0.000148446	2	0.000767896	2	5.6188E-5	2	0.000392272	2	0.000616329
3	0.000682227	3	0.000734947	3	-5.58402E-5	3	0.000135267	3	0.000728357	3	2.98284E-5	3	0.000379093	3	0.000636098
4	0.000669048	4	0.000754716	4	-3.60705E-5	4	0.000168216	4	0.000754716	4	6.27778E-5	4	0.000372503	4	0.000603149
5	0.000682227	5	0.000748126	5	-6.90199E-5	5	0.000168216	5	0.000748126	5	4.95981E-5	5	0.000392272	5	0.000629508
6	0.000682227	6	0.000741536	6	-5.58402E-5	6	0.000148446	6	0.000741536	6	4.95981E-5	6	0.000372503	6	0.000609739
7	0.000662458	7	0.000734947	7	-4.92503E-5	7	0.000161626	7	0.000754716	7	4.95981E-5	7	0.000365913	7	0.000629508
8	0.000662458	8	0.000734947	8	-4.92503E-5	8	0.000141857	8	0.000741536	8	6.93677E-5	8	0.000379093	8	0.000616329
9	0.000708587	9	0.000741536	9	-2.28907E-5	9	0.000128677	9	0.000741536	9	5.6188E-5	9	0.000385682	9	0.000622918
10	0.000662458	10	0.000741536	10	-5.58402E-5	10	0.000128677	10	0.000748126	10	4.30082E-5	10	0.000392272	10	0.000589969
11	0.000695407	11	0.000728357	11	-6.24301E-5	11	0.000168216	11	0.000767896	11	5.6188E-5	11	0.000379093	11	0.000629508
12	0.000682227	12	0.000741536	12	-6.24301E-5	12	0.000148446	12	0.000748126	12	3.64183E-5	12	0.000365913	12	0.000616329
13	0.000688817	13	0.000748126	13	-4.26604E-5	13	0.000181396	13	0.000741536	13	1.66486E-5	13	0.000392272	13	0.000629508
14	0.000669048	14	0.000734947	14	-4.26604E-5	14	0.000135267	14	0.000741536	14	5.6188E-5	14	0.000372503	14	0.000609739
15	0.000642688	15	0.000734947	15	-5.58402E-5	15	0.000155036	15	0.000754716	15	3.64183E-5	15	0.000385682	15	0.000629508
16	0.000669048	16	0.000728357	16	-3.60705E-5	16	0.000128677	16	0.000721767	16	4.95981E-5	16	0.000405452	16	0.000629508
17	0.000662458	17	0.000721767	17	-4.92503E-5	17	0.000148446	17	0.000748126	17	6.93677E-5	17	0.000392272	17	0.000636098
18	0.000655868	18	0.000741536	18	-6.24301E-5	18	0.000161626	18	0.000741536	18	1.66486E-5	18	0.000392272	18	0.000622918
19	0.000695407	19	0.000708587	19	-2.28907E-5	19	0.000161626	19	0.000734947	19	1.00587E-5	19	0.000379093	19	0.000622918
20	0.000649278	20	0.000748126	20	-3.60705E-5	20	0.000122087	20	0.000741536	20	3.46884E-6	20	0.000412042	20	0.000636098
21	0.000688817	21	0.000715177	21	-5.58402E-5	21	0.000181396	21	0.000741536	21	2.32385E-5	21	0.000392272	21	0.000616329
22	0.000662458	22	0.000734947	22	-3.60705E-5	22	0.000155036	22	0.000734947	22	3.64183E-5	22	0.000392272	22	0.000622918
23	0.000695407	23	0.000748126	23	-5.58402E-5	23	0.000128677	23	0.000734947	23	3.46884E-6	23	0.000385682	23	0.000616329
24	0.000682227	24	0.000728357	24	-4.92503E-5	24	0.000161626	24	0.000741536	24	2.98284E-5	24	0.000359323	24	0.000629508
25	0.000682227	25	0.000721767	25	-3.60705E-5	25	0.000155036	25	0.000741536	25	2.98284E-5	25	0.000392272	25	0.000622918
26	0.000688817	26	0.000721767	26	-5.58402E-5	26	0.000168216	26	0.000761306	26	2.32385E-5	26	0.000398862	26	0.000609739
27	0.000695407	27	0.000734947	27	-4.26604E-5	27	0.000194576	27	0.000741536	27	4.30082E-5	27	0.000392272	27	0.000622918
28	0.000682227	28	0.000754716	28	-4.92503E-5	28	0.000135267	28	0.000748126	28	2.98284E-5	28	0.000405452	28	0.000636098
29	0.000682227	29	0.000728357	29	-4.92503E-5	29	0.000135267	29	0.000748126	29	1.00587E-5	29	0.000385682	29	0.000622918
30	0.000649278	30	0.000748126	30	-6.90199E-5	30	0.000128677	30	0.000754716	30	2.98284E-5	30	0.000379093	30	0.000622918
31	0.000675638	31	0.000748126	31	-6.90199E-5	31	0.000201166	31	0.000754716	31	3.64183E-5	31	0.000379093	31	0.000649278
32	0.000669048	32	0.000748126	32	-6.24301E-5	32	0.000128677	32	0.000748126	32	3.46884E-6	32	0.000392272	32	0.000622918
33	0.000655868	33	0.000748126	33	-6.24301E-5	33	0.000155036	33	0.000767896	33	2.32385E-5	33	0.000392272	33	0.000622918
34	0.000649278	34	0.000734947	34	-5.58402E-5	34	0.000135267	34	0.000748126	34	3.64183E-5	34	0.000392272	34	0.000616329
35	0.000649278	35	0.000741536	35	-5.58402E-5	35	0.000161626	35	0.000734947	35	3.64183E-5	35	0.000392272	35	0.000642688
36	0.000669048	36	0.000754716	36	-4.92503E-5	36	0.000168216	36	0.000754716	36	2.98284E-5	36	0.000398862	36	0.000629508
37	0.000655868	37	0.000734947	37	-5.58402E-5	37	0.000181396	37	0.000728357	37	1.00587E-5	37	0.000392272	37	0.000636098
38	0.000642688	38	0.000728357	38	-4.92503E-5	38	0.000161626	38	0.000754716	38	4.95981E-5	38	0.000385682	38	0.000629508
39	0.000688817	39	0.000734947	39	-2.94806E-5	39	0.000148446	39	0.000748126	39	2.32385E-5	39	0.000392272	39	0.000642688
40	0.000682227	40	0.000754716	40	-5.58402E-5	40	0.000128677	40	0.000748126	40	2.98284E-5	40	0.000365913	40	0.000636098
41	0.000688817	41	0.000741536	41	-3.60705E-5	41	0.000161626	41	0.000741536	41	2.98284E-5	41	0.000372503	41	0.000622918
42	0.000655868	42	0.000728357	42	-6.24301E-5	42	0.000148446	42	0.000741536	42	1.00587E-5	42	0.000398862	42	0.000629508
43	0.000642688	43	0.000728357	43	-4.26604E-5	43	0.000161626	43	0.000741536	43	1.66486E-5	43	0.000392272	43	0.000616329
44	0.000669048	44	0.000741536	44	-4.26604E-5	44	0.000128677	44	0.000754716	44	1.66486E-5	44	0.000379093	44	0.000629508
45	0.000688817	45	0.000741536	45	-4.92503E-5	45	0.000214345	45	0.000734947	45	2.32385E-5	45	0.000385682	45	0.000622918
46	0.000642688	46	0.000754716	46	-4.26604E-5	46	0.000148446	46	0.000741536	46	1.66486E-5	46	0.000385682	46	0.000589969
47	0.000655868	47	0.000728357	47	-5.58402E-5	47	0.000108907	47	0.000741536	47	1.66486E-5	47	0.000379093	47	0.000636098
48	0.000669048	48	0.000748126	48	-6.90199E-5	48	0.000161626	48	0.000754716	48	-9.71094E-6	48	0.000412042	48	0.000616329
49	0.000662458	49	0.000728357	49	-4.92503E-5	49	0.000155036	49	0.000734947	49	3.46884E-6	49	0.000398862	49	0.000655868
50	0.000675638	50	0.000721767	50	-3.60705E-5	50	0.000155036	50	0.000741536	50	-3.12105E-6	50	0.000412042	50	0.000616329
51	0.000682227	51	0.000741536	51	-4.26604E-5	51	0.000168216	51	0.000741536	51	4.30082E-5	51	0.000365913	51	0.000609739
52	0.000662458	52	0.000754716	52	-4.26604E-5	52	0.000161626	52	0.000734947	52	2.32385E-5	52	0.000398862	52	0.000609739
53	0.000662458	53	0.000754716	53	-6.24301E-5	53	0.000161626	53	0.000741536	53	2.32385E-5	53	0.000385682	53	0.000636098
54	0.000642688	54	0.000728357	54	-4.92503E-5	54	0.000135267	54	0.000741536	54	-1.63008E-5	54	0.000398862	54	0.000622918
55	0.000701997	55	0.000734947	55	-4.26604E-5	55	0.000135267	55	0.000734947	55	1.66486E-5	55	0.000379093	55	0.000616329
56	0.000649278	56	0.000734947	56	-5.58402E-5	56	0.000155036	56	0.000728357	56	3.46884E-6	56	0.000385682	56	0.000629508
57	0.000675638	57	0.000741536	57	-4.92503E-5	57	0.000135267	57	0.000748126	57	3.64183E-5	57	0.000412042	57	0.000636098
58	0.000655868	58	0.000715177	58	-3.60705E-5	58	0.000115497	58	0.000741536	58	1.66486E-5	58	0.000372503	58	0.000616329
59	0.000675638	59	0.000728357	59	-3.60705E-5	59	0.000174806	59	0.000754716	59	3.46884E-6	59	0.000385682	59	0.000596559
60	0.000636098	60	0.000708587	60	-4.92503E-5	60	0.000141857	60	0.000748126	60	3.64183E-5	60	0.000372503	60	0.000629508
61	0.000662458	61	0.000715177	61	-4.92503E-5	61	0.000168216	61	0.000741536	61	3.64183E-5	61	0.000392272	61	0.000622918
62	0.000655868	62	0.000728357	62	-6.24301E-5	62	0.000141857	62	0.000774486	62	2.98284E-5	62	0.000379093	62	0.000616329
63	0.000695407	63	0.000748126	63	-3.60705E-5	63	0.000115497	63	0.000728357	63	2.98284E-5	63	0.000372503	63	0.000636098
64	0.000642688	64	0.000761306	64	-4.26604E-5	64	0.000135267	64	0.000748126	64	4.95981E-5	64	0.000405452	64	0.000616329
65	0.000662458	65	0.000728357	65	-5.58402E-5	65	0.000174806	65	0.000767896	65	3.64183E-5	65	0.000418632	65	0.000636098
66	0.000675638	66	0.000741536	66	-4.26604E-5	66	0.000141857	66	0.000787666	66	2.98284E-5	66	0.000398862	66	0.000616329
67	0.000675638	67	0.000741536	67	-8.21997E-5	67	0.000148446	67	0.000741536	67	5.6188E-5	67	0.000379093	67	0.000622918
68	0.000655868	68	0.000734947	68	-2.94806E-5	68	0.000122087	68	0.000781076	68	6.93677E-5	68	0.000398862	68	0.000616329
69	0.000701997	69	0.000754716	69	-6.24301E-5	69	0.000168216	69	0.000774486	69	6.27778E-5	69	0.000385682	69	0.000609739
70	0.000649278	70	0.000728357	70	-5.58402E-5	70	0.000128677	70	0.000734947	70	5.6188E-5	70	0.000379093	70	0.000622918
71	0.000662458	71	0.000728357	71	-4.26604E-5	71	0.000174806	71	0.000774486	71	8.25475E-5	71	0.000392272	71	0.000622918
72	0.000682227	72	0.000715177	72	-4.26604E-5	72	0.000141857	72	0.000761306	72	8.25475E-5	72	0.000379093	72	0.000609739
73	0.000655868	73	0.000734947	73	-4.92503E-5	73	0.000181396	73	0.000761306	73	8.91374E-5	73	0.000379093	73	0.000642688
74	0.000662458	74	0.000741536	74	-3.60705E-5	74	0.000161626	74	0.000748126	74	6.93677E-5	74	0.000385682	74	0.000629508
75	0.000701997	75	0.000734947	75	-4.26604E-5	75	0.000181396	75	0.000774486	75	6.93677E-5	75	0.000385682	75	0.000642688
76	0.000662458	76	0.000728357	76	-6.90199E-5	76	0.000148446	76	0.000767896	76	6.93677E-5	76	0.000398862	76	0.000636098
77	0.000688817	77	0.000741536	77	-5.58402E-5	77	0.000181396	77	0.000754716	77	8.25475E-5	77	0.000365913	77	0.000616329
78	0.000669048	78	0.000748126	78	-4.92503E-5	78	0.000181396	78	0.000754716	78	8.91374E-5	78	0.000392272	78	0.000636098
79	0.000669048	79	0.000728357	79	-6.24301E-5	79	0.000168216	79	0.000748126	79	0.000108907	79	0.000392272	79	0.000642688
80	0.000649278	80	0.000728357	80	-4.26604E-5	80	0.000174806	80	0.000781076	80	8.25475E-5	80	0.000385682	80	0.000649278
81	0.000682227	81	0.000728357	81	-8.21997E-5	81	0.000181396	81	0.000761306	81	6.93677E-5	81	0.000372503	81	0.000616329
82	0.000675638	82	0.000734947	82	-4.92503E-5	82	0.000168216	82	0.000754716	82	6.27778E-5	82	0.000379093	82	0.000609739
83	0.000682227	83	0.000715177	83	-5.58402E-5	83	0.000181396	83	0.000754716	83	7.59576E-5	83	0.000385682	83	0.000629508
84	0.000662458	84	0.000734947	84	-4.92503E-5	84	0.000174806	84	0.000754716	84	8.91374E-5	84	0.000392272	84	0.000609739
85	0.000669048	85	0.000728357	85	-4.92503E-5	85	0.000102317	85	0.000754716	85	7.59576E-5	85	0.000385682	85	0.000616329
86	0.000649278	86	0.000741536	86	-6.24301E-5	86	0.000122087	86	0.000748126	86	7.59576E-5	86	0.000379093	86	0.000629508
87	0.000675638	87	0.000728357	87	-5.58402E-5	87	0.000161626	87	0.000728357	87	4.95981E-5	87	0.000385682	87	0.000636098
88	0.000675638	88	0.000728357	88	-6.24301E-5	88	0.000194576	88	0.000748126	88	6.93677E-5	88	0.000379093	88	0.000655868
89	0.000682227	89	0.000728357	89	-6.24301E-5	89	0.000135267	89	0.000754716	89	6.93677E-5	89	0.000365913	89	0.000629508
90	0.000662458	90	0.000734947	90	-6.90199E-5	90	0.000174806	90	0.000754716	90	6.93677E-5	90	0.000365913	90	0.000622918
91	0.000669048	91	0.000721767	91	-7.56098E-5	91	0.000201166	91	0.000734947	91	4.30082E-5	91	0.000385682	91	0.000642688
92	0.000662458	92	0.000728357	92	-6.24301E-5	92	0.000135267	92	0.000754716	92	5.6188E-5	92	0.000405452	92	0.000609739
93	0.000669048	93	0.000721767	93	-4.92503E-5	93	0.000201166	93	0.000734947	93	4.95981E-5	93	0.000398862	93	0.000622918
94	0.000675638	94	0.000754716	94	-4.26604E-5	94	0.000128677	94	0.000748126	94	4.30082E-5	94	0.000379093	94	0.000629508
95	0.000669048	95	0.000708587	95	-6.90199E-5	95	0.000181396	95	0.000754716	95	4.95981E-5	95	0.000412042	95	0.000622918
96	0.000655868	96	0.000741536	96	-5.58402E-5	96	0.000102317	96	0.000754716	96	4.30082E-5	96	0.000359323	96	0.000622918
97	0.000695407	97	0.000741536	97	-4.92503E-5	97	0.000201166	97	0.000741536	97	2.98284E-5	97	0.000365913	97	0.000636098
98	0.000688817	98	0.000721767	98	-6.90199E-5	98	0.000128677	98	0.000748126	98	4.30082E-5	98	0.000385682	98	0.000629508
99	0.000688817	99	0.000721767	99	-4.92503E-5	99	0.000155036	99	0.000728357	99	4.95981E-5	99	0.000392272	99	0.000636098
100	0.000675638	100	0.000741536	100	-8.21997E-5	100	0.000161626	100	0.000754716	100	3.64183E-5	100	0.000398862	100	0.000616329
101	0.000675638	101	0.000728357	101	-4.92503E-5	101	0.000155036	101	0.000754716	101	2.98284E-5	101	0.000385682	101	0.000636098
102	0.000662458	102	0.000734947	102	-4.26604E-5	102	0.000161626	102	0.000741536	102	1.66486E-5	102	0.000392272	102	0.000636098
103	0.000675638	103	0.000715177	103	-5.58402E-5	103	0.000128677	103	0.000728357	103	2.98284E-5	103	0.000405452	103	0.000629508
104	0.000675638	104	0.000734947	104	-6.24301E-5	104	0.000155036	104	0.000748126	104	6.27778E-5	104	0.000372503	104	0.000622918
105	0.000669048	105	0.000734947	105	-5.58402E-5	105	0.000161626	105	0.000748126	105	3.64183E-5	105	0.000398862	105	0.000622918
106	0.000695407	106	0.000734947	106	-5.58402E-5	106	0.000155036	106	0.000728357	106	4.30082E-5	106	0.000365913	106	0.000609739
107	0.000675638	107	0.000734947	107	-4.92503E-5	107	0.000155036	107	0.000754716	107	5.6188E-5	107	0.000398862	107	0.000622918
108	0.000649278	108	0.000748126	108	-4.26604E-5	108	0.000141857	108	0.000767896	108	4.95981E-5	108	0.000392272	108	0.000616329
109	0.000655868	109	0.000734947	109	-6.90199E-5	109	0.000155036	109	0.000748126	109	4.95981E-5	109	0.000398862	109	0.000622918
110	0.000662458	110	0.000734947	110	-4.92503E-5	110	0.000141857	110	0.000767896	110	7.59576E-5	110	0.000392272	110	0.000642688
111	0.000708587	111	0.000721767	111	-7.56098E-5	111	0.000168216	111	0.000761306	111	6.93677E-5	111	0.000379093	111	0.000629508
112	0.000669048	112	0.000728357	112	-1.63008E-5	112	0.000141857	112	0.000741536	112	4.95981E-5	112	0.000398862	112	0.000622918
113	0.000662458	113	0.000741536	113	-6.24301E-5	113	0.000181396	113	0.000734947	113	4.30082E-5	113	0.000398862	113	0.000616329
114	0.000682227	114	0.000721767	114	-2.94806E-5	114	0.000141857	114	0.000754716	114	0.000122087	114	0.000372503	114	0.000616329
115	0.000675638	115	0.000741536	115	-4.92503E-5	115	0.000174806	115	0.000761306	115	7.59576E-5	115	0.000385682	115	0.000636098
116	0.000669048	116	0.000701997	116	-4.92503E-5	116	0.000155036	116	0.000774486	116	6.93677E-5	116	0.000365913	116	0.000622918
117	0.000682227	117	0.000728357	117	-6.24301E-5	117	0.000155036	117	0.000781076	117	8.91374E-5	117	0.000372503	117	0.000636098
118	0.000669048	118	0.000715177	118	-6.24301E-5	118	0.000148446	118	0.000781076	118	7.59576E-5	118	0.000398862	118	0.000636098
119	0.000669048	119	0.000715177	119	-4.92503E-5	119	0.000187986	119	0.000754716	119	0.000102317	119	0.000405452	119	0.000622918
120	0.000669048	120	0.000754716	120	-6.24301E-5	120	0.000155036	120	0.000787666	120	8.25475E-5	120	0.000372503	120	0.000622918
121	0.000682227	121	0.000721767	121	-1.63008E-5	121	0.000174806	121	0.000767896	121	8.25475E-5	121	0.000392272	121	0.000622918
122	0.000695407	122	0.000734947	122	-6.24301E-5	122	0.000148446	122	0.000761306	122	8.25475E-5	122	0.000385682	122	0.000629508
123	0.000675638	123	0.000728357	123	-6.90199E-5	123	0.000168216	123	0.000754716	123	8.91374E-5	123	0.000385682	123	0.000642688
124	0.000688817	124	0.000721767	124	-7.56098E-5	124	0.000102317	124	0.000781076	124	9.57273E-5	124	0.000385682	124	0.000603149
125	0.000669048	125	0.000715177	125	-6.24301E-5	125	0.000174806	125	0.000774486	125	4.95981E-5	125	0.000392272	125	0.000629508
126	0.000649278	126	0.000741536	126	-7.56098E-5	126	0.000148446	126	0.000761306	126	5.6188E-5	126	0.000398862	126	0.000603149
127	0.000669048	127	0.000728357	127	-6.24301E-5	127	0.000181396	127	0.000787666	127	8.91374E-5	127	0.000346143	127	0.000616329
128	0.000655868	128	0.000728357	128	-5.58402E-5	128	0.000155036	128	0.000767896	128	7.59576E-5	128	0.000385682	128	0.000609739
129	0.000662458	129	0.000701997	129	-3.60705E-5	129	0.000187986	129	0.000761306	129	8.91374E-5	129	0.000372503	129	0.000636098
130	0.000655868	130	0.000728357	130	-6.90199E-5	130	8.91374E-5	130	0.000754716	130	8.25475E-5	130	0.000385682	130	0.000616329
131	0.000688817	131	0.000721767	131	-4.26604E-5	131	0.000168216	131	0.000767896	131	5.6188E-5	131	0.000372503	131	0.000609739
132	0.000662458	132	0.000728357	132	-3.60705E-5	132	0.000135267	132	0.000774486	132	9.57273E-5	132	0.000392272	132	0.000603149
133	0.000701997	133	0.000721767	133	-7.56098E-5	133	0.000161626	133	0.000774486	133	8.91374E-5	133	0.000385682	133	0.000622918
134	0.000662458	134	0.000734947	134	-3.60705E-5	134	0.000168216	134	0.000761306	134	9.57273E-5	134	0.000379093	134	0.000622918
135	0.000662458	135	0.000728357	135	-5.58402E-5	135	0.000168216	135	0.000787666	135	8.91374E-5	135	0.000379093	135	0.000622918
136	0.000695407	136	0.000754716	136	-4.26604E-5	136	0.000155036	136	0.000781076	136	7.59576E-5	136	0.000392272	136	0.000622918
137	0.000682227	137	0.000734947	137	-6.24301E-5	137	0.000181396	137	0.000774486	137	0.000115497	137	0.000372503	137	0.000622918
138	0.000675638	138	0.000728357	138	-6.90199E-5	138	0.000141857	138	0.000787666	138	8.91374E-5	138	0.000398862	138	0.000609739
139	0.000655868	139	0.000734947	139	-7.56098E-5	139	0.000174806	139	0.000781076	139	0.000102317	139	0.000365913	139	0.000629508
140	0.000642688	140	0.000701997	140	-7.56098E-5	140	0.000194576	140	0.000781076	140	9.57273E-5	140	0.000379093	140	0.000616329
141	0.000669048	141	0.000701997	141	-7.56098E-5	141	0.000141857	141	0.000774486	141	0.000115497	141	0.000392272	141	0.000609739
142	0.000669048	142	0.000721767	142	-6.90199E-5	142	0.000135267	142	0.000781076	142	9.57273E-5	142	0.000398862	142	0.000636098
143	0.000669048	143	0.000741536	143	-8.87896E-5	143	0.000174806	143	0.000781076	143	0.000115497	143	0.000372503	143	0.000622918
144	0.000675638	144	0.000734947	144	-6.90199E-5	144	0.000148446	144	0.000787666	144	0.000102317	144	0.000372503	144	0.000636098
145	0.000675638	145	0.000734947	145	-7.56098E-5	145	0.000161626	145	0.000800845	145	0.000102317	145	0.000372503	145	0.000636098
146	0.000695407	146	0.000728357	146	-6.24301E-5	146	0.000148446	146	0.000787666	146	0.000108907	146	0.000392272	146	0.000609739
147	0.000662458	147	0.000715177	147	-6.90199E-5	147	0.000161626	147	0.000774486	147	0.000102317	147	0.000385682	147	0.000655868
148	0.000675638	148	0.000728357	148	-6.24301E-5	148	0.000115497	148	0.000787666	148	0.000102317	148	0.000398862	148	0.000616329
149	0.000688817	149	0.000721767	149	-6.90199E-5	149	0.000161626	149	0.000787666	149	0.000102317	149	0.000392272	149	0.000622918
150	0.000682227	150	0.000708587	150	-7.56098E-5	150	0.000128677	150	0.000794256	150	0.000115497	150	0.000418632	150	0.000636098
151	0.000669048	151	0.000715177	151	-9.53795E-5	151	0.000122087	151	0.000767896	151	0.000128677	151	0.000379093	151	0.000636098
152	0.000662458	152	0.000708587	152	-6.90199E-5	152	0.000148446	152	0.000748126	152	8.91374E-5	152	0.000385682	152	0.000616329
153	0.000669048	153	0.000734947	153	-0.000101969	153	0.000128677	153	0.000748126	153	8.25475E-5	153	0.000372503	153	0.000649278
154	0.000649278	154	0.000715177	154	-9.53795E-5	154	0.000161626	154	0.000774486	154	0.000108907	154	0.000372503	154	0.000622918
155	0.000682227	155	0.000721767	155	-9.53795E-5	155	0.000148446	155	0.000767896	155	7.59576E-5	155	0.000385682	155	0.000636098
156	0.000688817	156	0.000728357	156	-8.21997E-5	156	0.000168216	156	0.000748126	156	8.91374E-5	156	0.000385682	156	0.000629508
157	0.000695407	157	0.000721767	157	-8.21997E-5	157	0.000161626	157	0.000754716	157	6.27778E-5	157	0.000385682	157	0.000616329
158	0.000695407	158	0.000715177	158	-0.000101969	158	0.000141857	158	0.000787666	158	7.59576E-5	158	0.000372503	158	0.000609739
159	0.000675638	159	0.000728357	159	-8.87896E-5	159	0.000141857	159	0.000754716	159	8.91374E-5	159	0.000385682	159	0.000642688
160	0.000695407	160	0.000728357	160	-0.000101969	160	0.000148446	160	0.000761306	160	7.59576E-5	160	0.000398862	160	0.000622918
161	0.000695407	161	0.000741536	161	-7.56098E-5	161	0.000168216	161	0.000787666	161	0.000122087	161	0.000392272	161	0.000649278
162	0.000682227	162	0.000734947	162	-0.000101969	162	0.000122087	162	0.000800845	162	0.000115497	162	0.000385682	162	0.000662458
163	0.000715177	163	0.000748126	163	-0.000101969	163	0.000181396	163	0.000860154	163	0.000174806	163	0.000405452	163	0.000695407
164	0.000682227	164	0.000761306	164	-0.000101969	164	0.000148446	164	0.000952413	164	0.000234115	164	0.000438402	164	0.000701997
165	0.000701997	165	0.000734947	165	-0.000115149	165	0.000168216	165	0.00103149	165	0.000313194	165	0.000458171	165	0.000754716
166	0.000721767	166	0.000748126	166	-0.000121739	166	0.000135267	166	0.00111057	166	0.000385682	166	0.000444991	166	0.000767896
167	0.000708587	167	0.000761306	167	-0.000115149	167	0.000122087	167	0.00115011	167	0.000398862	167	0.000471351	167	0.000794256
168	0.000695407	168	0.000748126	168	-8.87896E-5	168	0.000115497	168	0.00114352	168	0.000431812	168	0.000471351	168	0.000781076
169	0.000688817	169	0.000741536	169	-0.000115149	169	0.000115497	169	0.0011567	169	0.000418632	169	0.000471351	169	0.000774486
170	0.000695407	170	0.000748126	170	-0.000108559	170	1.66486E-5	170	0.00114352	170	0.000412042	170	0.000464761	170	0.000774486
171	0.000701997	171	0.000721767	171	-0.000101969	171	7.59576E-5	171	0.00113034	171	0.000405452	171	0.000464761	171	0.000774486
172	0.000688817	172	0.000734947	172	-0.000108559	172	6.27778E-5	172	0.00115011	172	0.000438402	172	0.000471351	172	0.000787666
173	0.000682227	173	0.000715177	173	-0.000108559	173	0.000108907	173	0.00112375	173	0.000412042	173	0.000484531	173	0.000767896
174	0.000675638	174	0.000734947	174	-0.000108559	174	7.59576E-5	174	0.00114352	174	0.000392272	174	0.000484531	174	0.000794256
175	0.000688817	175	0.000754716	175	-0.000101969	175	0.000122087	175	0.00115011	175	0.000412042	175	0.000491121	175	0.000774486
176	0.000715177	176	0.000748126	176	-0.000101969	176	6.27778E-5	176	0.00118965	176	0.000444991	176	0.000477941	176	0.000820615
177	0.000721767	177	0.000734947	177	-0.000101969	177	0.000108907	177	0.00121601	177	0.000497711	177	0.000471351	177	0.000800845
178	0.000688817	178	0.000754716	178	-9.53795E-5	178	0.000108907	178	0.00123578	178	0.00053066	178	0.000484531	178	0.000800845
179	0.000708587	179	0.000734947	179	-0.000115149	179	7.59576E-5	179	0.00126873	179	0.00055702	179	0.0005043	179	0.000820615
180	0.000682227	180	0.000734947	180	-0.000101969	180	8.25475E-5	180	0.00131486	180	0.000616329	180	0.00052407	180	0.000833795
181	0.000721767	181	0.000767896	181	-9.53795E-5	181	4.30082E-5	181	0.00138735	181	0.000695407	181	0.00055043	181	0.000906284
182	0.000721767	182	0.000748126	182	-8.87896E-5	182	2.32385E-5	182	0.00145983	182	0.000774486	182	0.000563609	182	0.000899694
183	0.000669048	183	0.000728357	183	-0.000115149	183	4.30082E-5	183	0.00157845	183	0.000893104	183	0.000576789	183	0.000939233
184	0.000682227	184	0.000767896	184	-0.000115149	184	-3.60705E-5	184	0.00169048	184	0.00105126	184	0.000616329	184	0.000972183
185	0.000721767	185	0.000728357	185	-0.000128329	185	-3.60705E-5	185	0.00177615	185	0.00118306	185	0.000649278	185	0.00101831
186	0.000734947	186	0.000721767	186	-9.53795E-5	186	-2.28907E-5	186	0.00190795	186	0.00130827	186	0.000682227	186	0.00103808
187	0.000675638	187	0.000754716	187	-0.000115149	187	-3.60705E-5	187	0.00199362	187	0.00140712	187	0.000721767	187	0.00106444
188	0.000721767	188	0.000748126	188	-0.000121739	188	-7.56098E-5	188	0.0020661	188	0.00151255	188	0.000767896	188	0.00107762
189	0.000728357	189	0.000748126	189	-0.000115149	189	-0.000101969	189	0.00213859	189	0.00159822	189	0.000781076	189	0.00109739
190	0.000715177	190	0.000748126	190	-0.000115149	190	-0.000101969	190	0.00221767	190	0.00168389	190	0.000794256	190	0.00113034
191	0.000682227	191	0.000715177	191	-8.21997E-5	191	-0.000101969	191	0.00230993	191	0.00179592	191	0.000827205	191	0.00118306
192	0.000708587	192	0.000754716	192	-9.53795E-5	192	-0.000128329	192	0.00249445	192	0.00195408	192	0.000873334	192	0.00122919
193	0.000708587	193	0.000741536	193	-0.000101969	193	-0.000128329	193	0.00263942	193	0.00216495	193	0.000939233	193	0.00130827
194	0.000721767	194	0.000754716	194	-9.53795E-5	194	-0.000148099	194	0.00279758	194	0.00235606	194	0.000991952	194	0.00133463
195	0.000715177	195	0.000794256	195	-8.21997E-5	195	-0.000167868	195	0.00294256	195	0.00252081	195	0.00103149	195	0.00143347
196	0.000695407	196	0.000781076	196	-5.58402E-5	196	-0.000200818	196	0.0031139	196	0.00271191	196	0.00107762	196	0.00145983
197	0.000715177	197	0.000754716	197	-2.94806E-5	197	-0.000227177	197	0.00325228	197	0.00287666	197	0.00110398	197	0.00149937
198	0.000708587	198	0.000781076	198	3.46884E-6	198	-0.000273307	198	0.00341044	198	0.00306777	198	0.00116988	198	0.00158504
199	0.000675638	199	0.000761306	199	5.6188E-5	199	-0.000299666	199	0.00358837	199	0.0032391	199	0.0012226	199	0.0016773
200	0.000662458	200	0.000781076	200	0.000122087	200	-0.000339205	200	0.00377948	200	0.00341703	200	0.00130827	200	0.00176956
201	0.000649278	201	0.000787666	201	0.000181396	201	-0.000365565	201	0.00387832	201	0.00364109	201	0.0013544	201	0.00185523
202	0.000642688	202	0.000761306	202	0.000234115	202	-0.000378745	202	0.00408261	202	0.00385855	202	0.0014203	202	0.00194749
203	0.000642688	203	0.000767896	203	0.000313194	203	-0.000365565	203	0.00425395	203	0.00406284	203	0.00150596	203	0.00204633
204	0.000616329	204	0.000748126	204	0.000332963	204	-0.000391925	204	0.00443846	204	0.00424077	204	0.00157186	204	0.00209905
205	0.000589969	205	0.000721767	205	0.000425222	205	-0.000358975	205	0.00462957	205	0.00438575	205	0.00162458	205	0.0021979
206	0.000570199	206	0.000701997	206	0.000484531	206	-0.000372155	206	0.00479432	206	0.00453072	206	0.00167071	206	0.00225062
207	0.00054384	207	0.000708587	207	0.00055702	207	-0.000378745	207	0.00494589	207	0.0047416	207	0.00175638	207	0.00230993
208	0.00052407	208	0.000701997	208	0.000589969	208	-0.000385335	208	0.00507768	208	0.00496566	208	0.00181569	208	0.00238901
209	0.00051748	209	0.000682227	209	0.000649278	209	-0.000372155	209	0.00520948	209	0.00511722	209	0.00190136	209	0.0024615
210	0.0005043	210	0.000721767	210	0.000688817	210	-0.000365565	210	0.00535446	210	0.00528856	210	0.00196067	210	0.0025274
211	0.000471351	211	0.000695407	211	0.000728357	211	-0.000332616	211	0.0055258	211	0.00542695	211	0.00203315	211	0.00258671
212	0.000477941	212	0.000708587	212	0.000767896	212	-0.000332616	212	0.00565759	212	0.00554557	212	0.00211882	212	0.00266578
213	0.000491121	213	0.000708587	213	0.000781076	213	-0.000365565	213	0.00574326	213	0.00568395	213	0.0021979	213	0.00272509
214	0.000451581	214	0.000721767	214	0.000794256	214	-0.000372155	214	0.00586847	214	0.00580916	214	0.00229016	214	0.00276463
215	0.0005043	215	0.000695407	215	0.000807435	215	-0.000326026	215	0.00596073	215	0.0059146	215	0.00233629	215	0.00281735
216	0.000444991	216	0.000708587	216	0.000814025	216	-0.000365565	216	0.00600027	216	0.00596732	216	0.00237583	216	0.00284371
217	0.000491121	217	0.000708587	217	0.000814025	217	-0.000352385	217	0.00602004	217	0.00597391	217	0.00242196	217	0.00288984
218	0.000458171	218	0.000721767	218	0.000827205	218	-0.000345795	218	0.00606617	218	0.0059805	218	0.00245491	218	0.00287007
219	0.000458171	219	0.000701997	219	0.000800845	219	-0.000339205	219	0.00605299	219	0.0059805	219	0.00248127	219	0.00290302
220	0.000438402	220	0.000715177	220	0.000814025	220	-0.000352385	220	0.00601345	220	0.00590801	220	0.00248786	220	0.00288984
221	0.000444991	221	0.000701997	221	0.000794256	221	-0.000378745	221	0.00596732	221	0.0059146	221	0.00247468	221	0.0029162
222	0.000464761	222	0.000701997	222	0.000794256	222	-0.000391925	222	0.00592778	222	0.0058487	222	0.00247468	222	0.0029162
223	0.000458171	223	0.000734947	223	0.000781076	223	-0.000345795	223	0.0058487	223	0.00584211	223	0.00249445	223	0.00288325
224	0.000431812	224	0.000715177	224	0.000774486	224	-0.000398514	224	0.00576962	224	0.00577621	224	0.00253399	224	0.00288325
225	0.000458171	225	0.000708587	225	0.000754716	225	-0.000365565	225	0.00571031	225	0.00573008	225	0.00252081	225	0.00289643
226	0.000438402	226	0.000721767	226	0.000734947	226	-0.000411694	226	0.00564441	226	0.00565759	226	0.00257353	226	0.0029162
227	0.000431812	227	0.000728357	227	0.000715177	227	-0.000365565	227	0.00558511	227	0.00557193	227	0.0025933	227	0.00295574
228	0.000425222	228	0.000708587	228	0.000695407	228	-0.000372155	228	0.0055258	228	0.00547967	228	0.0026526	228	0.00296892
229	0.000458171	229	0.000701997	229	0.000688817	229	-0.000365565	229	0.00544013	229	0.00537423	229	0.00270532	229	0.00302823
230	0.000425222	230	0.000721767	230	0.000682227	230	-0.000431464	230	0.00534787	230	0.00526879	230	0.0027844	230	0.00308754
231	0.000444991	231	0.000734947	231	0.000642688	231	-0.000372155	231	0.00528856	231	0.00521607	231	0.00288984	231	0.00313367
232	0.000425222	232	0.000728357	232	0.000649278	232	-0.000391925	232	0.00524243	232	0.0051304	232	0.0029821	232	0.00318639
233	0.000444991	233	0.000721767	233	0.000616329	233	-0.000385335	233	0.00520289	233	0.00503814	233	0.00308754	233	0.0032391
234	0.000425222	234	0.000715177	234	0.000609739	234	-0.000418284	234	0.0051304	234	0.00499861	234	0.00315344	234	0.00334454
235	0.000464761	235	0.000728357	235	0.000589969	235	-0.000385335	235	0.00507768	235	0.00493271	235	0.00329841	235	0.00342362
236	0.000444991	236	0.000708587	236	0.000570199	236	-0.000405104	236	0.00502496	236	0.00485363	236	0.00341703	236	0.00348952
237	0.000471351	237	0.000728357	237	0.000563609	237	-0.000398514	237	0.0049393	237	0.00478773	237	0.00356201	237	0.00355542
238	0.000464761	238	0.000748126	238	0.000563609	238	-0.000411694	238	0.00488658	238	0.00470206	238	0.00372017	238	0.00366086
239	0.000477941	239	0.000741536	239	0.00051089	239	-0.000372155	239	0.00483386	239	0.00465593	239	0.00384537	239	0.00374653
240	0.000458171	240	0.000728357	240	0.00051089	240	-0.000411694	240	0.00480091	240	0.00455049	240	0.00401671	240	0.00383219
241	0.000491121	241	0.000734947	241	0.0005043	241	-0.000378745	241	0.00471524	241	0.00446482	241	0.0041551	241	0.00389809
242	0.000484531	242	0.000741536	242	0.000491121	242	-0.000411694	242	0.00466911	242	0.00436598	242	0.00431985	242	0.00396399
243	0.000497711	243	0.000721767	243	0.000484531	243	-0.000385335	243	0.00457026	243	0.00425395	243	0.00446482	243	0.00401012
244	0.000484531	244	0.000741536	244	0.000451581	244	-0.000398514	244	0.00451095	244	0.00414851	244	0.00459003	244	0.00408261
245	0.0005043	245	0.000721767	245	0.000484531	245	-0.000398514	245	0.00441211	245	0.00404307	245	0.0047416	245	0.0041551
246	0.000497711	246	0.000728357	246	0.000464761	246	-0.000424874	246	0.00432644	246	0.00393104	246	0.00489317	246	0.00422759
247	0.00051089	247	0.000721767	247	0.000458171	247	-0.000431464	247	0.00426713	247	0.00383219	247	0.00503155	247	0.00425395
248	0.000497711	248	0.000767896	248	0.000451581	248	-0.000391925	248	0.00414192	248	0.00372017	248	0.0051304	248	0.00430667
249	0.00053725	249	0.000728357	249	0.000471351	249	-0.000405104	249	0.00412215	249	0.00360814	249	0.00522266	249	0.0043528
250	0.00051748	250	0.000748126	250	0.000458171	250	-0.000444644	250	0.00402989	250	0.00353565	250	0.00534787	250	0.00439234
251	0.00052407	251	0.000734947	251	0.000451581	251	-0.000405104	251	0.0039574	251	0.00342362	251	0.00545331	251	0.00443187
252	0.00055702	252	0.000748126	252	0.000484531	252	-0.000398514	252	0.00393104	252	0.00335772	252	0.00556534	252	0.00448459
253	0.000570199	253	0.000728357	253	0.000471351	253	-0.000405104	253	0.00391786	253	0.00331818	253	0.00570372	253	0.00455049
254	0.00052407	254	0.000754716	254	0.00051089	254	-0.000398514	254	0.00389809	254	0.00333136	254	0.00585529	254	0.00459003
255	0.00055043	255	0.000728357	255	0.0005043	255	-0.000385335	255	0.0038915	255	0.00329182	255	0.00595414	255	0.00466252
256	0.00053725	256	0.000734947	256	0.00055043	256	-0.000431464	256	0.00392445	256	0.00329841	256	0.00609912	256	0.00468888
257	0.000570199	257	0.000734947	257	0.000576789	257	-0.000391925	257	0.00393763	257	0.00331159	257	0.00621115	257	0.0047416
258	0.00055043	258	0.000748126	258	0.000576789	258	-0.000365565	258	0.00397717	258	0.00332477	258	0.00634294	258	0.00478773
259	0.000583379	259	0.000721767	259	0.000589969	259	-0.000365565	259	0.00399694	259	0.00331818	259	0.00644838	259	0.00484045
260	0.000576789	260	0.000721767	260	0.000622918	260	-0.000424874	260	0.00400353	260	0.00332477	260	0.00658018	260	0.00484704
261	0.000583379	261	0.000734947	261	0.000662458	261	-0.000391925	261	0.00401012	261	0.00332477	261	0.00673175	261	0.00493271
262	0.000589969	262	0.000728357	262	0.000721767	262	-0.000378745	262	0.00400353	262	0.00333795	262	0.0068899	262	0.00493271
263	0.000622918	263	0.000741536	263	0.000781076	263	-0.000339205	263	0.00398376	263	0.00335113	263	0.0070876	263	0.00495907
264	0.000603149	264	0.000754716	264	0.000781076	264	-0.000378745	264	0.00391786	264	0.0033709	264	0.00722599	264	0.00498543
265	0.000642688	265	0.000741536	265	0.000840385	265	-0.000365565	265	0.00385855	265	0.00337749	265	0.0072853	265	0.00494589
266	0.000636098	266	0.000781076	266	0.000860154	266	-0.000378745	266	0.00378607	266	0.00339067	266	0.00731825	266	0.00491294
267	0.000616329	267	0.000754716	267	0.000846975	267	-0.000378745	267	0.00369381	267	0.00335772	267	0.00727871	267	0.00486681
268	0.000629508	268	0.000734947	268	0.000853565	268	-0.000418284	268	0.00348952	268	0.00333795	268	0.00717986	268	0.00478773
269	0.000622918	269	0.000748126	269	0.000800845	269	-0.000405104	269	0.00335772	269	0.00328523	269	0.00709419	269	0.00472183
270	0.000629508	270	0.000787666	270	0.000860154	270	-0.000431464	270	0.00319957	270	0.00325228	270	0.00690967	270	0.00453072
271	0.000622918	271	0.000787666	271	0.000906284	271	-0.000385335	271	0.00309413	271	0.00308754	271	0.00667244	271	0.00439893
272	0.000609739	272	0.000820615	272	0.000945823	272	-0.000438054	272	0.00287666	272	0.00300846	272	0.00633635	272	0.00424077
273	0.000642688	273	0.000853565	273	0.000932643	273	-0.000411694	273	0.00267237	273	0.00287007	273	0.00601345	273	0.00416169
274	0.000589969	274	0.000827205	274	0.000866744	274	-0.000438054	274	0.00242196	274	0.00281735	274	0.00561147	274	0.0040892
275	0.00055702	275	0.000794256	275	0.000866744	275	-0.000424874	275	0.00217154	275	0.00273827	275	0.00518971	275	0.00398376
276	0.00053066	276	0.000860154	276	0.000926053	276	-0.000424874	276	0.00201339	276	0.00269873	276	0.00484045	276	0.00391786
277	0.000576789	277	0.000787666	277	0.000972183	277	-0.000391925	277	0.00173002	277	0.00261966	277	0.00431985	277	0.00372017
278	0.00051089	278	0.000734947	278	0.00105126	278	-0.000418284	278	0.00157186	278	0.00248127	278	0.00395081	278	0.00367404
279	0.000451581	279	0.000781076	279	0.000952413	279	-0.000398514	279	0.00129509	279	0.00241537	279	0.00352906	279	0.00356201
280	0.000412042	280	0.000853565	280	0.000912874	280	-0.000457823	280	0.00107103	280	0.00231652	280	0.00306777	280	0.00339726
281	0.000392272	281	0.000899694	281	0.000866744	281	-0.000405104	281	0.000899694	281	0.00214518	281	0.0026526	281	0.00327205
282	0.000352733	282	0.000912874	282	0.000866744	282	-0.000418284	282	0.000655868	282	0.0020068	282	0.00217813	282	0.00307436
283	0.000326373	283	0.000939233	283	0.000846975	283	-0.000372155	283	0.00051748	283	0.00190136	283	0.00178933	283	0.00288325
284	0.000346143	284	0.000998542	284	0.000800845	284	-0.000398514	284	0.00051089	284	0.0016773	284	0.00150596	284	0.00267237
285	0.000346143	285	0.00104467	285	0.000787666	285	-0.000424874	285	0.00051748	285	0.00138076	285	0.00126214	285	0.00230334
286	0.000346143	286	0.00107762	286	0.000761306	286	-0.000431464	286	0.00052407	286	0.00114352	286	0.00111057	286	0.00209905
287	0.000392272	287	0.00113034	287	0.000734947	287	-0.000411694	287	0.00052407	287	0.00101172	287	0.000919463	287	0.00192772
288	0.000405452	288	0.00116329	288	0.000701997	288	-0.000378745	288	0.00051089	288	0.000879924	288	0.000794256	288	0.00176956
289	0.000418632	289	0.00115011	289	0.000701997	289	-0.000431464	289	0.00052407	289	0.000767896	289	0.000649278	289	0.00161799
290	0.000412042	290	0.00106444	290	0.000695407	290	-0.000424874	290	0.0005043	290	0.000636098	290	0.000497711	290	0.00153891
291	0.000392272	291	0.0010249	291	0.000636098	291	-0.000398514	291	0.00053066	291	0.00055702	291	0.000392272	291	0.00139394
292	0.000418632	292	0.00101831	292	0.000622918	292	-0.000424874	292	0.0005043	292	0.00051748	292	0.000352733	292	0.00131486
293	0.000418632	293	0.00100513	293	0.000609739	293	-0.000405104	293	0.00051089	293	0.000458171	293	0.000273654	293	0.00126873
294	0.000412042	294	0.000991952	294	0.000576789	294	-0.000438054	294	0.00051089	294	0.000431812	294	0.000227525	294	0.00120942
295	0.000444991	295	0.000939233	295	0.00055043	295	-0.000431464	295	0.000491121	295	0.000398862	295	0.000220935	295	0.00118306
296	0.000438402	296	0.000945823	296	0.0005043	296	-0.000398514	296	0.0005043	296	0.000398862	296	0.000181396	296	0.00116329
297	0.000464761	297	0.000945823	297	0.000477941	297	-0.000411694	297	0.00051089	297	0.000379093	297	0.000155036	297	0.0011567
298	0.000458171	298	0.000945823	298	0.000491121	298	-0.000405104	298	0.00052407	298	0.000339553	298	0.000168216	298	0.00113693
299	0.000444991	299	0.000912874	299	0.000497711	299	-0.000405104	299	0.00051748	299	0.000359323	299	0.000155036	299	0.00111057
300	0.000471351	300	0.000906284	300	0.000484531	300	-0.000451234	300	0.000491121	300	0.000332963	300	0.000168216	300	0.00115011
301	0.000458171	301	0.000912874	301	0.000491121	301	-0.000405104	301	0.00051089	301	0.000332963	301	0.000148446	301	0.00114352
302	0.000464761	302	0.000906284	302	0.000484531	302	-0.000424874	302	0.000497711	302	0.000306604	302	0.000155036	302	0.00111716
303	0.000477941	303	0.000899694	303	0.000471351	303	-0.000411694	303	0.000484531	303	0.000313194	303	0.000141857	303	0.00111057
304	0.000464761	304	0.000866744	304	0.000477941	304	-0.000457823	304	0.00051089	304	0.000339553	304	0.000141857	304	0.00113034
305	0.000458171	305	0.000899694	305	0.000458171	305	-0.000451234	305	0.00051089	305	0.000339553	305	0.000161626	305	0.00111716
306	0.000458171	306	0.000893104	306	0.000491121	306	-0.000438054	306	0.00051748	306	0.000346143	306	0.000161626	306	0.00109739
307	0.000464761	307	0.000846975	307	0.000444991	307	-0.000438054	307	0.00053725	307	0.000339553	307	0.000148446	307	0.00111716
308	0.000464761	308	0.000860154	308	0.000451581	308	-0.000451234	308	0.0005043	308	0.000326373	308	0.000155036	308	0.0010908
309	0.000477941	309	0.000846975	309	0.000425222	309	-0.000405104	309	0.00051089	309	0.000346143	309	0.000174806	309	0.0010908
310	0.000458171	310	0.000866744	310	0.000438402	310	-0.000444644	310	0.000491121	310	0.000332963	310	0.000148446	310	0.00111057
311	0.000497711	311	0.000820615	311	0.000405452	311	-0.000418284	311	0.000497711	311	0.000332963	311	0.000174806	311	0.00108421
312	0.000464761	312	0.000840385	312	0.000412042	312	-0.000398514	312	0.00051748	312	0.000319784	312	0.000161626	312	0.00106444
313	0.000484531	313	0.000807435	313	0.000398862	313	-0.000398514	313	0.00051748	313	0.000300014	313	0.000161626	313	0.00107103
314	0.000471351	314	0.000807435	314	0.000405452	314	-0.000424874	314	0.00051089	314	0.000332963	314	0.000168216	314	0.00109739
315	0.000458171	315	0.000787666	315	0.000412042	315	-0.000385335	315	0.00051089	315	0.000326373	315	0.000161626	315	0.00108421
316	0.00054384	316	0.000787666	316	0.000392272	316	-0.000411694	316	0.00052407	316	0.000306604	316	0.000161626	316	0.00107762
317	0.000491121	317	0.000761306	317	0.000398862	317	-0.000391925	317	0.00051748	317	0.000319784	317	0.000168216	317	0.00107762
318	0.000484531	318	0.000754716	318	0.000372503	318	-0.000424874	318	0.00051748	318	0.000313194	318	0.000174806	318	0.00106444
319	0.000491121	319	0.000741536	319	0.000379093	319	-0.000385335	319	0.00051089	319	0.000319784	319	0.000181396	319	0.00106444
320	0.000477941	320	0.000741536	320	0.000365913	320	-0.000405104	320	0.00051748	320	0.000293424	320	0.000181396	320	0.00107762
321	0.000484531	321	0.000748126	321	0.000365913	321	-0.000398514	321	0.000497711	321	0.000313194	321	0.000174806	321	0.00107103
322	0.000477941	322	0.000734947	322	0.000359323	322	-0.000418284	322	0.00051748	322	0.000313194	322	0.000148446	322	0.00107103
323	0.0005043	323	0.000728357	323	0.000385682	323	-0.000411694	323	0.000497711	323	0.000293424	323	0.000161626	323	0.00107762
324	0.000471351	324	0.000728357	324	0.000385682	324	-0.000405104	324	0.000497711	324	0.000306604	324	0.000168216	324	0.00105126
325	0.00051089	325	0.000734947	325	0.000372503	325	-0.000405104	325	0.00052407	325	0.000286834	325	0.000181396	325	0.00107103
326	0.000484531	326	0.000728357	326	0.000392272	326	-0.000431464	326	0.00053725	326	0.000293424	326	0.000135267	326	0.00106444
327	0.000477941	327	0.000728357	327	0.000359323	327	-0.000418284	327	0.0005043	327	0.000293424	327	0.000161626	327	0.00108421
328	0.000484531	328	0.000721767	328	0.000359323	328	-0.000418284	328	0.0005043	328	0.000319784	328	0.000148446	328	0.00107762
329	0.000484531	329	0.000721767	329	0.000372503	329	-0.000424874	329	0.000491121	329	0.000300014	329	0.000161626	329	0.00106444
330	0.000497711	330	0.000728357	330	0.000359323	330	-0.000398514	330	0.000497711	330	0.000313194	330	0.000135267	330	0.00105785
331	0.0005043	331	0.000761306	331	0.000379093	331	-0.000405104	331	0.00051089	331	0.000286834	331	0.000148446	331	0.00105126
332	0.000484531	332	0.000748126	332	0.000385682	332	-0.000411694	332	0.00051089	332	0.000286834	332	0.000141857	332	0.00108421
333	0.0005043	333	0.000721767	333	0.000352733	333	-0.000418284	333	0.000497711	333	0.000293424	333	0.000161626	333	0.00104467
334	0.000484531	334	0.000721767	334	0.000365913	334	-0.000424874	334	0.00052407	334	0.000280244	334	0.000187986	334	0.00104467
335	0.000484531	335	0.000708587	335	0.000365913	335	-0.000418284	335	0.000497711	335	0.000286834	335	0.000181396	335	0.00104467
336	0.000497711	336	0.000728357	336	0.000339553	336	-0.000411694	336	0.00051748	336	0.000306604	336	0.000141857	336	0.00105785
337	0.00051748	337	0.000721767	337	0.000365913	337	-0.000391925	337	0.0005043	337	0.000300014	337	0.000155036	337	0.00107762
338	0.000471351	338	0.000748126	338	0.000365913	338	-0.000431464	338	0.000497711	338	0.000286834	338	0.000161626	338	0.00105785
339	0.0005043	339	0.000748126	339	0.000379093	339	-0.000385335	339	0.0005043	339	0.000280244	339	0.000174806	339	0.00107103
340	0.000484531	340	0.000741536	340	0.000379093	340	-0.000411694	340	0.00051748	340	0.000313194	340	0.000155036	340	0.00106444
341	0.000484531	341	0.000734947	341	0.000359323	341	-0.000424874	341	0.00051748	341	0.000306604	341	0.000155036	341	0.00105785
342	0.000477941	342	0.000721767	342	0.000379093	342	-0.000424874	342	0.00051748	342	0.000300014	342	0.000161626	342	0.00105785
343	0.0005043	343	0.000754716	343	0.000372503	343	-0.000405104	343	0.00051748	343	0.000293424	343	0.000161626	343	0.00107103
344	0.000484531	344	0.000734947	344	0.000385682	344	-0.000431464	344	0.0005043	344	0.000280244	344	0.000148446	344	0.00105785
345	0.000471351	345	0.000728357	345	0.000365913	345	-0.000405104	345	0.00052407	345	0.000280244	345	0.000148446	345	0.00105126
346	0.0005043	346	0.000741536	346	0.000346143	346	-0.000431464	346	0.00051089	346	0.000293424	346	0.000148446	346	0.00105126
347	0.000464761	347	0.000721767	347	0.000365913	347	-0.000391925	347	0.00053725	347	0.000280244	347	0.000141857	347	0.00103149
348	0.000471351	348	0.000734947	348	0.000365913	348	-0.000411694	348	0.0005043	348	0.000293424	348	0.000155036	348	0.00103808
349	0.000477941	349	0.000734947	349	0.000365913	349	-0.000398514	349	0.00051748	349	0.000280244	349	0.000155036	349	0.00105126
350	0.000491121	350	0.000715177	350	0.000359323	350	-0.000418284	350	0.000497711	350	0.000286834	350	0.000148446	350	0.00105126
351	0.00051089	351	0.000728357	351	0.000359323	351	-0.000398514	351	0.00051089	351	0.000280244	351	0.000168216	351	0.00107103
352	0.000464761	352	0.000734947	352	0.000379093	352	-0.000398514	352	0.000497711	352	0.000280244	352	0.000135267	352	0.00105785
353	0.00051748	353	0.000721767	353	0.000385682	353	-0.000385335	353	0.0005043	353	0.000300014	353	0.000155036	353	0.00105126
354	0.000484531	354	0.000708587	354	0.000372503	354	-0.000438054	354	0.00052407	354	0.000286834	354	0.000174806	354	0.00103808
355	0.000491121	355	0.000708587	355	0.000365913	355	-0.000385335	355	0.00051089	355	0.000267064	355	0.000181396	355	0.00105126
356	0.000484531	356	0.000701997	356	0.000359323	356	-0.000378745	356	0.00052407	356	0.000313194	356	0.000174806	356	0.00107103
357	0.000477941	357	0.000695407	357	0.000352733	357	-0.000372155	357	0.00053066	357	0.000253885	357	0.000135267	357	0.00105126
358	0.00051748	358	0.000688817	358	0.000379093	358	-0.000418284	358	0.00052407	358	0.000293424	358	0.000174806	358	0.00103808
359	0.000484531	359	0.000662458	359	0.000365913	359	-0.000352385	359	0.000497711	359	0.000293424	359	0.000181396	359	0.00103808
360	0.000497711	360	0.000662458	360	0.000365913	360	-0.000411694	360	0.00052407	360	0.000273654	360	0.000161626	360	0.00105126
361	0.00051748	361	0.000675638	361	0.000365913	361	-0.000345795	361	0.00051748	361	0.000300014	361	0.000155036	361	0.00104467
362	0.00052407	362	0.000662458	362	0.000385682	362	-0.000405104	362	0.00051748	362	0.000293424	362	0.000181396	362	0.00106444
363	0.00053725	363	0.000649278	363	0.000365913	363	-0.000378745	363	0.00053066	363	0.000293424	363	0.000161626	363	0.00105126
364	0.000491121	364	0.000669048	364	0.000379093	364	-0.000398514	364	0.0005043	364	0.000313194	364	0.000161626	364	0.00103149
365	0.0005043	365	0.000669048	365	0.000398862	365	-0.000372155	365	0.00052407	365	0.000267064	365	0.000148446	365	0.00103808
366	0.00053066	366	0.000682227	366	0.000392272	366	-0.000411694	366	0.000497711	366	0.000273654	366	0.000168216	366	0.00103149
367	0.00052407	367	0.000662458	367	0.000372503	367	-0.000411694	367	0.0005043	367	0.000273654	367	0.000174806	367	0.00105126
368	0.0005043	368	0.000649278	368	0.000372503	368	-0.000424874	368	0.00051089	368	0.000273654	368	0.000168216	368	0.00107103
369	0.00052407	369	0.000675638	369	0.000392272	369	-0.000378745	369	0.000497711	369	0.000260475	369	0.000174806	369	0.00105126
370	0.000491121	370	0.000682227	370	0.000398862	370	-0.000411694	370	0.00052407	370	0.000253885	370	0.000161626	370	0.00105126
371	0.00052407	371	0.000669048	371	0.000385682	371	-0.000378745	371	0.000497711	371	0.000280244	371	0.000161626	371	0.00105785
372	0.00052407	372	0.000669048	372	0.000385682	372	-0.000405104	372	0.00051748	372	0.000260475	372	0.000187986	372	0.00103808
373	0.00054384	373	0.000669048	373	0.000392272	373	-0.000372155	373	0.00052407	373	0.000286834	373	0.000155036	373	0.00105126
374	0.00052407	374	0.000655868	374	0.000385682	374	-0.000424874	374	0.00051089	374	0.000293424	374	0.000155036	374	0.00103808
375	0.00051748	375	0.000675638	375	0.000359323	375	-0.000398514	375	0.000491121	375	0.000273654	375	0.000168216	375	0.00105126
376	0.00051748	376	0.000669048	376	0.000385682	376	-0.000365565	376	0.00051089	376	0.000280244	376	0.000161626	376	0.00105785
377	0.00053066	377	0.000662458	377	0.000359323	377	-0.000365565	377	0.000497711	377	0.000273654	377	0.000168216	377	0.00103808
378	0.00053066	378	0.000682227	378	0.000379093	378	-0.000385335	378	0.00051089	378	0.000313194	378	0.000155036	378	0.00105126
379	0.00051748	379	0.000701997	379	0.000412042	379	-0.000391925	379	0.0005043	379	0.000267064	379	0.000168216	379	0.00105785
380	0.00051748	380	0.000695407	380	0.000398862	380	-0.000385335	380	0.0005043	380	0.000260475	380	0.000161626	380	0.00103149
381	0.00055043	381	0.000701997	381	0.000412042	381	-0.000365565	381	0.0005043	381	0.000293424	381	0.000161626	381	0.00104467
382	0.0005043	382	0.000701997	382	0.000412042	382	-0.000418284	382	0.00053066	382	0.000260475	382	0.000128677	382	0.00104467
383	0.00054384	383	0.000701997	383	0.000431812	383	-0.000405104	383	0.00051748	383	0.000267064	383	0.000148446	383	0.00105126
384	0.00052407	384	0.000728357	384	0.000418632	384	-0.000411694	384	0.000491121	384	0.000280244	384	0.000148446	384	0.00103808
385	0.00053725	385	0.000715177	385	0.000438402	385	-0.000385335	385	0.00053066	385	0.000247295	385	0.000155036	385	0.00105126
386	0.00053725	386	0.000708587	386	0.000412042	386	-0.000405104	386	0.00053066	386	0.000273654	386	0.000141857	386	0.00104467
387	0.00053066	387	0.000708587	387	0.000431812	387	-0.000378745	387	0.00051748	387	0.000253885	387	0.000141857	387	0.00105785
388	0.00053066	388	0.000715177	388	0.000458171	388	-0.000418284	388	0.00051748	388	0.000240705	388	0.000155036	388	0.00105126
389	0.00051748	389	0.000701997	389	0.000444991	389	-0.000424874	389	0.00053066	389	0.000260475	389	0.000141857	389	0.00104467
390	0.00053725	390	0.000728357	390	0.000451581	390	-0.000405104	390	0.00052407	390	0.000273654	390	0.000148446	390	0.00103149
391	0.00054384	391	0.000701997	391	0.000444991	391	-0.000385335	391	0.000491121	391	0.000280244	391	0.000168216	391	0.00107103
392	0.00055702	392	0.000715177	392	0.000451581	392	-0.000405104	392	0.0005043	392	0.000253885	392	0.000148446	392	0.00103808
393	0.00051089	393	0.000715177	393	0.000451581	393	-0.000391925	393	0.000484531	393	0.000280244	393	0.000148446	393	0.00106444
394	0.00051748	394	0.000715177	394	0.000458171	394	-0.000431464	394	0.00051748	394	0.000280244	394	0.000155036	394	0.00101831
395	0.00053725	395	0.000721767	395	0.000464761	395	-0.000418284	395	0.00051089	395	0.000253885	395	0.000135267	395	0.00105785
396	0.00054384	396	0.000748126	396	0.000464761	396	-0.000398514	396	0.00053066	396	0.000260475	396	0.000141857	396	0.00106444
397	0.00054384	397	0.000708587	397	0.000451581	397	-0.000398514	397	0.000491121	397	0.000253885	397	0.000141857	397	0.00104467
398	0.00052407	398	0.000715177	398	0.000458171	398	-0.000424874	398	0.00051748	398	0.000260475	398	0.000148446	398	0.00103808
399	0.000576789	399	0.000721767	399	0.000444991	399	-0.000411694	399	0.00052407	399	0.000253885	399	0.000161626	399	0.00104467
400	0.00054384	400	0.000728357	400	0.000464761	400	-0.000431464	400	0.000497711	400	0.000267064	400	0.000135267	400	0.00105126
401	0.00052407	401	0.000695407	401	0.000458171	401	-0.000418284	401	0.0005043	401	0.000273654	401	0.000108907	401	0.00103149
402	0.00053725	402	0.000721767	402	0.000464761	402	-0.000431464	402	0.00051748	402	0.000267064	402	0.000141857	402	0.00104467
403	0.00053066	403	0.000721767	403	0.000471351	403	-0.000424874	403	0.0005043	403	0.000273654	403	0.000135267	403	0.00103149
404	0.00054384	404	0.000748126	404	0.000471351	404	-0.000438054	404	0.0005043	404	0.000267064	404	0.000155036	404	0.00104467
405	0.00054384	405	0.000721767	405	0.000464761	405	-0.000405104	405	0.00051089	405	0.000253885	405	0.000122087	405	0.00105785
406	0.00053725	406	0.000761306	406	0.000471351	406	-0.000405104	406	0.000484531	406	0.000260475	406	0.000155036	406	0.00103149
407	0.00053066	407	0.000761306	407	0.000458171	407	-0.000471003	407	0.00051089	407	0.000247295	407	0.000135267	407	0.00108421
408	0.00053725	408	0.000774486	408	0.000444991	408	-0.000405104	408	0.00051748	408	0.000234115	408	0.000128677	408	0.00107103
409	0.00054384	409	0.000761306	409	0.000451581	409	-0.000431464	409	0.000497711	409	0.000260475	409	0.000148446	409	0.00107103
410	0.00054384	410	0.000787666	410	0.000451581	410	-0.000411694	410	0.00053066	410	0.000234115	410	0.000135267	410	0.00105785
411	0.00053725	411	0.000781076	411	0.000458171	411	-0.000411694	411	0.000491121	411	0.000247295	411	0.000122087	411	0.00107762
412	0.00053725	412	0.000800845	412	0.000438402	412	-0.000391925	412	0.00053066	412	0.000247295	412	0.000128677	412	0.00107762
413	0.00055702	413	0.000767896	413	0.000464761	413	-0.000424874	413	0.00051748	413	0.000234115	413	0.000115497	413	0.00105126
414	0.00054384	414	0.000781076	414	0.000451581	414	-0.000438054	414	0.00051089	414	0.000247295	414	0.000115497	414	0.00106444
415	0.00054384	415	0.000781076	415	0.000471351	415	-0.000411694	415	0.00053066	415	0.000253885	415	0.000135267	415	0.00107103
416	0.00052407	416	0.000774486	416	0.000471351	416	-0.000411694	416	0.000497711	416	0.000234115	416	0.000128677	416	0.00106444
417	0.00052407	417	0.000761306	417	0.000438402	417	-0.000431464	417	0.00052407	417	0.000247295	417	0.000128677	417	0.00107103
418	0.00054384	418	0.000781076	418	0.000458171	418	-0.000438054	418	0.00051089	418	0.000260475	418	0.000115497	418	0.00105785
419	0.00055043	419	0.000754716	419	0.000458171	419	-0.000405104	419	0.0005043	419	0.000247295	419	0.000128677	419	0.00105785
420	0.00054384	420	0.000781076	420	0.000464761	420	-0.000398514	420	0.00051089	420	0.000260475	420	0.000115497	420	0.00105126
421	0.00055043	421	0.000767896	421	0.000471351	421	-0.000391925	421	0.000497711	421	0.000260475	421	0.000115497	421	0.00103808
422	0.00054384	422	0.000781076	422	0.000458171	422	-0.000405104	422	0.00051089	422	0.000253885	422	0.000108907	422	0.00105126
423	0.00055043	423	0.000741536	423	0.000471351	423	-0.000391925	423	0.000497711	423	0.000240705	423	0.000128677	423	0.00104467
424	0.00055043	424	0.000748126	424	0.000491121	424	-0.000418284	424	0.00051748	424	0.000253885	424	0.000115497	424	0.00105126
425	0.00054384	425	0.000754716	425	0.000484531	425	-0.000339205	425	0.00052407	425	0.000234115	425	0.000122087	425	0.00105126
426	0.00054384	426	0.000748126	426	0.000497711	426	-0.000424874	426	0.00051748	426	0.000240705	426	0.000108907	426	0.00103808
427	0.00051089	427	0.000767896	427	0.000464761	427	-0.000372155	427	0.0005043	427	0.000260475	427	0.000102317	427	0.00105126
428	0.00055043	428	0.000767896	428	0.000477941	428	-0.000405104	428	0.00051089	428	0.000273654	428	0.000102317	428	0.00105785
429	0.00054384	429	0.000748126	429	0.000484531	429	-0.000385335	429	0.0005043	429	0.000267064	429	9.57273E-5	429	0.00107103
430	0.00053725	430	0.000754716	430	0.000477941	430	-0.000405104	430	0.000497711	430	0.000273654	430	0.000108907	430	0.00105785
431	0.00051089	431	0.000741536	431	0.000491121	431	-0.000405104	431	0.000497711	431	0.000253885	431	0.000102317	431	0.00103149
432	0.00051089	432	0.000734947	432	0.000471351	432	-0.000385335	432	0.00051748	432	0.000280244	432	0.000115497	432	0.00103149
433	0.00053066	433	0.000741536	433	0.000438402	433	-0.000391925	433	0.00051748	433	0.000260475	433	0.000115497	433	0.00103149
434	0.00053725	434	0.000728357	434	0.000471351	434	-0.000444644	434	0.0005043	434	0.000286834	434	8.25475E-5	434	0.00103808
435	0.00055043	435	0.000734947	435	0.000464761	435	-0.000378745	435	0.00051748	435	0.000253885	435	9.57273E-5	435	0.00103149
436	0.00055043	436	0.000708587	436	0.000458171	436	-0.000431464	436	0.00053066	436	0.000253885	436	9.57273E-5	436	0.00107103
437	0.00053725	437	0.000748126	437	0.000464761	437	-0.000398514	437	0.000491121	437	0.000260475	437	0.000122087	437	0.00105785
438	0.00055043	438	0.000734947	438	0.000458171	438	-0.000424874	438	0.0005043	438	0.000267064	438	0.000108907	438	0.00104467
439	0.00055043	439	0.000734947	439	0.000464761	439	-0.000405104	439	0.00051748	439	0.000273654	439	0.000102317	439	0.00103808
440	0.00052407	440	0.000767896	440	0.000464761	440	-0.000378745	440	0.00053725	440	0.000247295	440	0.000115497	440	0.0010249
441	0.00055043	441	0.000741536	441	0.000458171	441	-0.000365565	441	0.000497711	441	0.000234115	441	0.000108907	441	0.00105126
442	0.00053066	442	0.000741536	442	0.000471351	442	-0.000411694	442	0.000497711	442	0.000253885	442	0.000108907	442	0.00103808
443	0.00053725	443	0.000715177	443	0.000484531	443	-0.000471003	443	0.00051748	443	0.000280244	443	0.000135267	443	0.0010249
444	0.00054384	444	0.000754716	444	0.000477941	444	-0.000411694	444	0.0005043	444	0.000260475	444	0.000122087	444	0.00106444
445	0.000570199	445	0.000754716	445	0.000464761	445	-0.000405104	445	0.00051089	445	0.000260475	445	0.000115497	445	0.00103149
446	0.00054384	446	0.000748126	446	0.000477941	446	-0.000398514	446	0.0005043	446	0.000247295	446	0.000122087	446	0.00103149
447	0.00055043	447	0.000728357	447	0.000471351	447	-0.000345795	447	0.00051748	447	0.000273654	447	0.000128677	447	0.00103808
448	0.00053725	448	0.000741536	448	0.000471351	448	-0.000378745	448	0.00051089	448	0.000253885	448	0.000135267	448	0.00103149
449	0.00055702	449	0.000721767	449	0.000458171	449	-0.000378745	449	0.000491121	449	0.000247295	449	0.000108907	449	0.00104467
450	0.00052407	450	0.000748126	450	0.000477941	450	-0.000385335	450	0.00052407	450	0.000267064	450	0.000128677	450	0.00101172
451	0.00053725	451	0.000721767	451	0.000464761	451	-0.000405104	451	0.0005043	451	0.000253885	451	0.000128677	451	0.00106444
452	0.00054384	452	0.000741536	452	0.000471351	452	-0.000418284	452	0.00051089	452	0.000253885	452	0.000141857	452	0.00104467
453	0.000563609	453	0.000734947	453	0.000477941	453	-0.000385335	453	0.00052407	453	0.000260475	453	0.000115497	453	0.0010249
454	0.00054384	454	0.000741536	454	0.000497711	454	-0.000451234	454	0.0005043	454	0.000247295	454	0.000122087	454	0.00105785
455	0.00055043	455	0.000728357	455	0.000444991	455	-0.000405104	455	0.00052407	455	0.000253885	455	0.000108907	455	0.00103149
456	0.000570199	456	0.000748126	456	0.000477941	456	-0.000431464	456	0.00052407	456	0.000267064	456	0.000102317	456	0.00103808
457	0.00055702	457	0.000761306	457	0.000464761	457	-0.000418284	457	0.00051089	457	0.000253885	457	0.000135267	457	0.00104467
458	0.00053725	458	0.000748126	458	0.000451581	458	-0.000391925	458	0.00051089	458	0.000240705	458	0.000115497	458	0.0010249
459	0.00053725	459	0.000748126	459	0.000471351	459	-0.000365565	459	0.0005043	459	0.000286834	459	0.000141857	459	0.00105785
460	0.00055043	460	0.000734947	460	0.000451581	460	-0.000424874	460	0.00052407	460	0.000267064	460	0.000122087	460	0.00103149
461	0.000563609	461	0.000728357	461	0.000444991	461	-0.000398514	461	0.000497711	461	0.000247295	461	0.000135267	461	0.00103808
462	0.00052407	462	0.000741536	462	0.000444991	462	-0.000418284	462	0.00051089	462	0.000273654	462	0.000135267	462	0.00103149
463	0.000576789	463	0.000721767	463	0.000464761	463	-0.000372155	463	0.0005043	463	0.000260475	463	0.000115497	463	0.00101831
464	0.000563609	464	0.000741536	464	0.000464761	464	-0.000411694	464	0.00051089	464	0.000267064	464	0.000141857	464	0.00104467
465	0.00055702	465	0.000734947	465	0.000458171	465	-0.000385335	465	0.0005043	465	0.000253885	465	0.000128677	465	0.00104467
466	0.00055702	466	0.000748126	466	0.000458171	466	-0.000411694	466	0.00052407	466	0.000247295	466	0.000128677	466	0.00104467
467	0.00054384	467	0.000728357	467	0.000464761	467	-0.000424874	467	0.0005043	467	0.000273654	467	0.000122087	467	0.00104467
468	0.00053725	468	0.000741536	468	0.000458171	468	-0.000398514	468	0.00051089	468	0.000260475	468	0.000161626	468	0.00105126
469	0.00055702	469	0.000754716	469	0.000464761	469	-0.000405104	469	0.00051748	469	0.000260475	469	0.000128677	469	0.00104467
470	0.00053725	470	0.000754716	470	0.000438402	470	-0.000398514	470	0.00051748	470	0.000273654	470	0.000141857	470	0.00103808
471	0.00055702	471	0.000754716	471	0.000458171	471	-0.000418284	471	0.000497711	471	0.000253885	471	0.000128677	471	0.00103808
472	0.00055043	472	0.000721767	472	0.000451581	472	-0.000457823	472	0.00051748	472	0.000267064	472	0.000135267	472	0.00104467
473	0.00055043	473	0.000748126	473	0.000458171	473	-0.000398514	473	0.00051748	473	0.000234115	473	0.000115497	473	0.00104467
474	0.00055702	474	0.000748126	474	0.000444991	474	-0.000405104	474	0.00051089	474	0.000260475	474	0.000141857	474	0.00104467
475	0.00055043	475	0.000748126	475	0.000464761	475	-0.000385335	475	0.000491121	475	0.000234115	475	0.000128677	475	0.00104467
476	0.00053725	476	0.000741536	476	0.000458171	476	-0.000405104	476	0.00053725	476	0.000267064	476	0.000141857	476	0.00105126
477	0.00051748	477	0.000754716	477	0.000458171	477	-0.000352385	477	0.00053725	477	0.000240705	477	0.000155036	477	0.00104467
478	0.00053066	478	0.000748126	478	0.000451581	478	-0.000405104	478	0.00051748	478	0.000253885	478	0.000122087	478	0.00105126
479	0.00051748	479	0.000734947	479	0.000451581	479	-0.000438054	479	0.000491121	479	0.000267064	479	0.000141857	479	0.00103808
480	0.00052407	480	0.000748126	480	0.000444991	480	-0.000424874	480	0.00051748	480	0.000240705	480	0.000148446	480	0.00104467
481	0.00055702	481	0.000728357	481	0.000438402	481	-0.000438054	481	0.0005043	481	0.000240705	481	0.000155036	481	0.00106444
482	0.000477941	482	0.000767896	482	0.000464761	482	-0.000444644	482	0.0005043	482	0.000253885	482	0.000108907	482	0.00103808
483	0.00055702	483	0.000741536	483	0.000451581	483	-0.000418284	483	0.00052407	483	0.000247295	483	0.000141857	483	0.00103808
484	0.000563609	484	0.000748126	484	0.000444991	484	-0.000405104	484	0.00051748	484	0.000253885	484	0.000148446	484	0.0010249
485	0.00053725	485	0.000734947	485	0.000444991	485	-0.000391925	485	0.00051089	485	0.000260475	485	0.000135267	485	0.0010249
486	0.00055043	486	0.000741536	486	0.000451581	486	-0.000431464	486	0.00053066	486	0.000253885	486	0.000148446	486	0.00101831
487	0.00055702	487	0.000721767	487	0.000451581	487	-0.000391925	487	0.000497711	487	0.000240705	487	0.000135267	487	0.00104467
488	0.00052407	488	0.000754716	488	0.000471351	488	-0.000411694	488	0.00051748	488	0.000253885	488	0.000161626	488	0.00105785
489	0.00053725	489	0.000761306	489	0.000444991	489	-0.000405104	489	0.0005043	489	0.000260475	489	0.000155036	489	0.00103149
490	0.00053066	490	0.000754716	490	0.000431812	490	-0.000431464	490	0.00051748	490	0.000240705	490	0.000161626	490	0.00100513
491	0.000570199	491	0.000734947	491	0.000444991	491	-0.000391925	491	0.00055702	491	0.000247295	491	0.000161626	491	0.0010249
492	0.00051089	492	0.000761306	492	0.000464761	492	-0.000418284	492	0.00053066	492	0.000240705	492	0.000174806	492	0.00103149
493	0.00052407	493	0.000741536	493	0.000464761	493	-0.000365565	493	0.00051089	493	0.000253885	493	0.000181396	493	0.00101831
494	0.00051748	494	0.000754716	494	0.000451581	494	-0.000418284	494	0.00053066	494	0.000240705	494	0.000181396	494	0.0010249
495	0.000570199	495	0.000761306	495	0.000438402	495	-0.000405104	495	0.0005043	495	0.000227525	495	0.000194576	495	0.00101172
496	0.000497711	496	0.000754716	496	0.000444991	496	-0.000444644	496	0.00053066	496	0.000240705	496	0.000201166	496	0.00101172
497	0.00051748	497	0.000767896	497	0.000451581	497	-0.000365565	497	0.00053066	497	0.000240705	497	0.000181396	497	0.0010249
498	0.00053725	498	0.000734947	498	0.000425222	498	-0.000398514	498	0.00053725	498	0.000227525	498	0.000201166	498	0.00101831
499	0.00053725	499	0.000761306	499	0.000438402	499	-0.000405104	499	0.0005043	499	0.000247295	499	0.000201166	499	0.000978772
500	0.00052407	500	0.000741536	500	0.000451581	500	-0.000438054	500	0.00051748	500	0.000214345	500	0.000181396	500	0.000998542
501	0.00051748	501	0.000728357	501	0.000451581	501	-0.000405104	501	0.00052407	501	0.000227525	501	0.000207755	501	0.000998542
502	0.00053725	502	0.000748126	502	0.000431812	502	-0.000391925	502	0.000497711	502	0.000234115	502	0.000207755	502	0.000985362
503	0.00051089	503	0.000741536	503	0.000438402	503	-0.000405104	503	0.00052407	503	0.000234115	503	0.000201166	503	0.0010249
504	0.000491121	504	0.000754716	504	0.000418632	504	-0.000405104	504	0.00051089	504	0.000247295	504	0.000227525	504	0.000978772
505	0.00051748	505	0.000721767	505	0.000451581	505	-0.000418284	505	0.000497711	505	0.000234115	505	0.000194576	505	0.000991952
506	0.00052407	506	0.000734947	506	0.000431812	506	-0.000411694	506	0.0005043	506	0.000240705	506	0.000187986	506	0.000972183
507	0.000497711	507	0.000715177	507	0.000438402	507	-0.000405104	507	0.0005043	507	0.000220935	507	0.000194576	507	0.00100513
508	0.00053725	508	0.000741536	508	0.000418632	508	-0.000418284	508	0.000491121	508	0.000234115	508	0.000227525	508	0.000991952
509	0.0005043	509	0.000741536	509	0.000405452	509	-0.000405104	509	0.000491121	509	0.000240705	509	0.000201166	509	0.000965593
510	0.000477941	510	0.000728357	510	0.000418632	510	-0.000418284	510	0.00051089	510	0.000240705	510	0.000220935	510	0.000972183
511	0.00053725	511	0.000701997	511	0.000425222	511	-0.000438054	511	0.00053725	511	0.000253885	511	0.000207755	511	0.000972183
512	0.00052407	512	0.000741536	512	0.000418632	512	-0.000411694	512	0.00051748	512	0.000234115	512	0.000234115	512	0.000972183
513	0.00054384	513	0.000721767	513	0.000438402	513	-0.000385335	513	0.00052407	513	0.000234115	513	0.000220935	513	0.000952413
514	0.00051748	514	0.000715177	514	0.000412042	514	-0.000431464	514	0.00052407	514	0.000234115	514	0.000240705	514	0.000959003
515	0.00052407	515	0.000675638	515	0.000405452	515	-0.000398514	515	0.000497711	515	0.000227525	515	0.000201166	515	0.000959003
516	0.0005043	516	0.000682227	516	0.000405452	516	-0.000398514	516	0.00052407	516	0.000227525	516	0.000234115	516	0.000926053
517	0.000491121	517	0.000669048	517	0.000418632	517	-0.000372155	517	0.00051089	517	0.000214345	517	0.000260475	517	0.000952413
518	0.00051089	518	0.000682227	518	0.000398862	518	-0.000378745	518	0.00052407	518	0.000207755	518	0.000267064	518	0.000912874
519	0.0005043	519	0.000675638	519	0.000372503	519	-0.000352385	519	0.00052407	519	0.000214345	519	0.000273654	519	0.000919463
520	0.00053066	520	0.000675638	520	0.000385682	520	-0.000358975	520	0.0005043	520	0.000207755	520	0.000293424	520	0.000912874
521	0.00051748	521	0.000669048	521	0.000398862	521	-0.000332616	521	0.000491121	521	0.000174806	521	0.000313194	521	0.000879924
522	0.00053066	522	0.000642688	522	0.000372503	522	-0.000332616	522	0.00051089	522	0.000187986	522	0.000313194	522	0.000860154
523	0.00055043	523	0.000649278	523	0.000365913	523	-0.000299666	523	0.00051089	523	0.000161626	523	0.000326373	523	0.000873334
524	0.00055043	524	0.000662458	524	0.000379093	524	-0.000312846	524	0.00051748	524	0.000155036	524	0.000352733	524	0.000840385
525	0.000596559	525	0.000649278	525	0.000339553	525	-0.000286486	525	0.000491121	525	0.000148446	525	0.000339553	525	0.000820615
526	0.000596559	526	0.000649278	526	0.000346143	526	-0.000273307	526	0.00051748	526	0.000141857	526	0.000379093	526	0.000794256
527	0.000583379	527	0.000636098	527	0.000332963	527	-0.000326026	527	0.000484531	527	0.000135267	527	0.000372503	527	0.000781076
528	0.000570199	528	0.000688817	528	0.000326373	528	-0.000266717	528	0.0005043	528	0.000115497	528	0.000425222	528	0.000734947
529	0.000616329	529	0.000669048	529	0.000260475	529	-0.000306256	529	0.000484531	529	6.93677E-5	529	0.000477941	529	0.000695407
530	0.00055702	530	0.000669048	530	0.000240705	530	-0.000213998	530	0.00051089	530	-1.63008E-5	530	0.000576789	530	0.000570199
531	0.000662458	531	0.000708587	531	0.000168216	531	-0.000187638	531	0.00052407	531	-6.90199E-5	531	0.000576789	531	0.00053066
532	0.000609739	532	0.000734947	532	0.000108907	532	-0.000213998	532	0.000603149	532	-4.92503E-5	532	0.000675638	532	0.000570199
533	0.000649278	533	0.000695407	533	0.000128677	533	-0.000200818	533	0.000589969	533	-4.92503E-5	533	0.000715177	533	0.00053725
534	0.000675638	534	0.000734947	534	0.000135267	534	-0.000220587	534	0.00051089	534	-2.94806E-5	534	0.00055702	534	0.00054384
535	0.000642688	535	0.000688817	535	8.25475E-5	535	-0.000154689	535	0.000497711	535	-4.26604E-5	535	0.000609739	535	0.00052407
536	0.000688817	536	0.000675638	536	9.57273E-5	536	-0.000181048	536	0.000583379	536	-6.24301E-5	536	0.000636098	536	0.000583379
537	0.000655868	537	0.000688817	537	0.000102317	537	-0.000200818	537	0.000576789	537	-8.87896E-5	537	0.000649278	537	0.00054384
538	0.000629508	538	0.000688817	538	0.000122087	538	-0.000240357	538	0.000563609	538	-8.21997E-5	538	0.000616329	538	0.00053066
539	0.000662458	539	0.000721767	539	0.000108907	539	-0.000207408	539	0.000583379	539	-8.87896E-5	539	0.000642688	539	0.00055702
540	0.000649278	540	0.000701997	540	0.000122087	540	-0.000227177	540	0.000589969	540	-7.56098E-5	540	0.000629508	540	0.00053725
541	0.000655868	541	0.000728357	541	0.000122087	541	-0.000174458	541	0.000589969	541	-6.90199E-5	541	0.000636098	541	0.00052407
542	0.000662458	542	0.000715177	542	0.000122087	542	-0.000207408	542	0.000603149	542	-0.000101969	542	0.000636098	542	0.00053725
543	0.000642688	543	0.000695407	543	0.000141857	543	-0.000174458	543	0.000603149	543	-0.000108559	543	0.000629508	543	0.00054384
544	0.000622918	544	0.000688817	544	0.000115497	544	-0.000227177	544	0.000583379	544	-6.90199E-5	544	0.000596559	544	0.000570199
545	0.000642688	545	0.000688817	545	0.000128677	545	-0.000174458	545	0.000596559	545	-7.56098E-5	545	0.000616329	545	0.00054384
546	0.000662458	546	0.000721767	546	0.000161626	546	-0.000227177	546	0.000589969	546	-8.21997E-5	546	0.000616329	546	0.00054384
547	0.000662458	547	0.000701997	547	0.000128677	547	-0.000200818	547	0.000616329	547	-8.87896E-5	547	0.000616329	547	0.000570199
548	0.000642688	548	0.000708587	548	0.000135267	548	-0.000233767	548	0.000616329	548	-9.53795E-5	548	0.000603149	548	0.00055043
549	0.000688817	549	0.000695407	549	0.000122087	549	-0.000181048	549	0.000616329	549	-0.000101969	549	0.000603149	549	0.00055702
550	0.000636098	550	0.000695407	550	0.000115497	550	-0.000253537	550	0.000616329	550	-7.56098E-5	550	0.000589969	550	0.00054384
551	0.000609739	551	0.000708587	551	0.000155036	551	-0.000253537	551	0.000603149	551	-0.000108559	551	0.000609739	551	0.00053066
552	0.000669048	552	0.000701997	552	0.000128677	552	-0.000246947	552	0.000622918	552	-0.000101969	552	0.000609739	552	0.00053725
