Time - Ch 1	Amplitude - Ch 1	Time - Ch 2	Amplitude - Ch 2	Time - Ch 3	Amplitude - Ch 3	Time - Ch 4	Amplitude - Ch 4	Time - Ch 5	Amplitude - Ch 5	Time - Ch 6	Amplitude - Ch 6	Time - Ch 7	Amplitude - Ch 7	Time - Ch 8	Amplitude - Ch 8
0	0.000418632	0	0.000603149	0	0.000102317	0	-0.000220587	0	0.000306604	0	-7.56098E-5	0	1.00587E-5	0	0.000715177
1	0.000721767	1	0.000787666	1	0.000313194	1	-0.000161278	1	0.0005043	1	3.64183E-5	1	0.000326373	1	0.000774486
2	0.000609739	2	0.000253885	2	0.000174806	2	-0.000246947	2	0.000293424	2	-2.28907E-5	2	0.000220935	2	0.000767896
3	0.000642688	3	0.000781076	3	0.000293424	3	-5.58402E-5	3	0.00055043	3	1.00587E-5	3	0.000326373	3	0.000794256
4	0.000576789	4	0.000820615	4	0.000108907	4	-0.000167868	4	0.000471351	4	-7.56098E-5	4	-8.87896E-5	4	0.000669048
5	0.000715177	5	0.000767896	5	0.000339553	5	-0.000207408	5	0.00052407	5	7.59576E-5	5	0.000346143	5	0.000787666
6	0.00053725	6	0.000444991	6	0.000141857	6	-0.000240357	6	0.000425222	6	-0.000339205	6	0.000267064	6	0.000728357
7	0.000655868	7	0.000774486	7	0.000267064	7	-0.000141509	7	0.00052407	7	4.95981E-5	7	0.000293424	7	0.000959003
8	0.000438402	8	0.000629508	8	0.000148446	8	-0.000141509	8	0.000405452	8	-2.28907E-5	8	0.000300014	8	0.000458171
9	0.000649278	9	0.000754716	9	0.000339553	9	-0.000128329	9	0.00055702	9	2.32385E-5	9	0.000332963	9	0.000761306
10	0.000899694	10	0.00055702	10	6.27778E-5	10	-0.000207408	10	0.000405452	10	-0.000167868	10	0.000135267	10	0.000596559
11	0.000682227	11	0.000774486	11	0.000234115	11	-6.24301E-5	11	0.00053066	11	8.25475E-5	11	0.000306604	11	0.000741536
12	0.000682227	12	0.000609739	12	0.000240705	12	-0.000154689	12	0.000372503	12	6.93677E-5	12	0.000194576	12	0.000701997
13	0.000748126	13	0.000754716	13	0.000293424	13	-0.000207408	13	0.000471351	13	-2.94806E-5	13	0.000293424	13	0.000708587
14	0.00054384	14	0.000583379	14	0.000418632	14	-0.000246947	14	0.000379093	14	2.32385E-5	14	0.000339553	14	0.000820615
15	0.000616329	15	0.000754716	15	0.000201166	15	-6.24301E-5	15	0.00053066	15	5.6188E-5	15	0.000293424	15	0.000774486
16	0.000734947	16	0.000629508	16	4.95981E-5	16	-0.000181048	16	0.000458171	16	-2.28907E-5	16	0.000128677	16	0.000774486
17	0.000728357	17	0.000767896	17	0.000194576	17	-0.000372155	17	0.00051089	17	4.30082E-5	17	0.000234115	17	0.000767896
18	0.000636098	18	0.000715177	18	0.000260475	18	-0.000128329	18	0.00053725	18	2.32385E-5	18	0.000319784	18	0.000820615
19	0.000583379	19	0.000761306	19	0.000260475	19	-0.000161278	19	0.0005043	19	3.64183E-5	19	0.000293424	19	0.000814025
20	0.000655868	20	0.000669048	20	0.000148446	20	-0.000207408	20	0.000398862	20	-8.87896E-5	20	0.000207755	20	0.000774486
21	0.000715177	21	0.000675638	21	0.000240705	21	-0.000213998	21	0.00051089	21	3.46884E-6	21	0.000300014	21	0.000774486
22	0.000688817	22	0.000425222	22	0.000214345	22	-0.000246947	22	0.000682227	22	-0.000161278	22	0.000293424	22	0.000688817
23	0.000741536	23	0.000774486	23	0.000220935	23	-4.92503E-5	23	0.00055043	23	-3.12105E-6	23	0.000293424	23	0.000800845
24	0.000622918	24	0.000807435	24	4.95981E-5	24	-0.000134919	24	0.000352733	24	7.59576E-5	24	0.000135267	24	0.000734947
25	0.000688817	25	0.000761306	25	0.000194576	25	-0.000194228	25	0.00052407	25	2.98284E-5	25	0.000306604	25	0.000794256
26	0.00054384	26	0.000596559	26	0.000326373	26	-0.000398514	26	0.00055043	26	1.00587E-5	26	0.000412042	26	0.000688817
27	0.000695407	27	0.000754716	27	0.000187986	27	-4.26604E-5	27	0.00053066	27	6.27778E-5	27	0.000313194	27	0.000721767
28	0.000596559	28	0.000616329	28	6.93677E-5	28	-0.000279896	28	0.000412042	28	-0.000154689	28	0.000161626	28	0.000734947
29	0.000774486	29	0.000761306	29	0.000214345	29	-0.000181048	29	0.00053066	29	-3.12105E-6	29	0.000300014	29	0.000708587
30	0.000695407	30	0.000754716	30	0.000155036	30	-0.000345795	30	0.00055702	30	-9.53795E-5	30	0.000253885	30	0.000853565
31	0.000695407	31	0.000800845	31	0.000187986	31	-0.000115149	31	0.000477941	31	6.27778E-5	31	0.000253885	31	0.000879924
32	0.00053066	32	0.000866744	32	9.57273E-5	32	-0.000181048	32	0.000385682	32	0.000267064	32	0.000155036	32	0.00053066
33	0.000728357	33	0.000741536	33	0.000214345	33	-0.000326026	33	0.00051089	33	4.30082E-5	33	0.000260475	33	0.000748126
34	0.000412042	34	0.000781076	34	0.000451581	34	-0.000339205	34	0.000471351	34	1.66486E-5	34	0.000240705	34	0.000820615
35	0.000622918	35	0.000767896	35	0.000214345	35	-9.53795E-5	35	0.000497711	35	4.30082E-5	35	0.000207755	35	0.000820615
36	0.000715177	36	0.000688817	36	4.30082E-5	36	-0.000187638	36	0.000346143	36	-0.000128329	36	1.66486E-5	36	0.000787666
37	0.000682227	37	0.000754716	37	0.000115497	37	-0.000372155	37	0.00051089	37	3.64183E-5	37	0.000240705	37	0.000774486
38	0.000636098	38	0.000675638	38	0.000102317	38	-0.000181048	38	0.000622918	38	6.93677E-5	38	0.000207755	38	0.000873334
39	0.000576789	39	0.000761306	39	0.000194576	39	-0.000141509	39	0.000491121	39	7.59576E-5	39	0.000220935	39	0.000906284
40	0.00055702	40	0.000669048	40	9.57273E-5	40	-0.000200818	40	0.000306604	40	-2.28907E-5	40	0.000108907	40	0.000748126
41	0.000596559	41	0.000728357	41	0.000187986	41	-0.000213998	41	0.000484531	41	0.000115497	41	0.000253885	41	0.000767896
42	0.000814025	42	0.000675638	42	0.000108907	42	-0.000213998	42	0.000715177	42	-0.000227177	42	0.000234115	42	0.000794256
43	0.000715177	43	0.000761306	43	5.6188E-5	43	-0.000101969	43	0.00052407	43	0.000155036	43	0.000174806	43	0.000807435
44	0.000589969	44	0.000919463	44	-0.000154689	44	-0.000194228	44	0.000412042	44	0.000220935	44	8.25475E-5	44	0.000833795
45	0.000688817	45	0.000787666	45	0.000187986	45	-9.53795E-5	45	0.000497711	45	0.000155036	45	0.000161626	45	0.000833795
46	0.00054384	46	0.000155036	46	0.000102317	46	-0.000187638	46	0.000438402	46	5.6188E-5	46	0.000293424	46	0.000840385
47	0.000662458	47	0.000774486	47	7.59576E-5	47	-1.63008E-5	47	0.00052407	47	0.000234115	47	0.000168216	47	0.000866744
48	0.00053725	48	0.000754716	48	-6.24301E-5	48	1.66486E-5	48	0.000412042	48	0.000141857	48	6.27778E-5	48	0.000675638
49	0.000715177	49	0.000767896	49	0.000128677	49	-0.000141509	49	0.00055702	49	0.000267064	49	0.000247295	49	0.000787666
50	0.000767896	50	0.000497711	50	-2.94806E-5	50	-0.000134919	50	0.000365913	50	-6.24301E-5	50	6.93677E-5	50	0.000708587
51	0.000616329	51	0.000800845	51	3.46884E-6	51	-2.28907E-5	51	0.00053725	51	0.000207755	51	0.000214345	51	0.000833795
52	0.000728357	52	0.000761306	52	-7.56098E-5	52	-6.90199E-5	52	0.000319784	52	0.000247295	52	8.91374E-5	52	0.000721767
53	0.000734947	53	0.000774486	53	6.93677E-5	53	-0.000154689	53	0.0005043	53	0.000187986	53	0.000161626	53	0.000781076
54	0.00052407	54	0.000636098	54	3.64183E-5	54	-5.58402E-5	54	0.000464761	54	0.000148446	54	0.000155036	54	0.000800845
55	0.000655868	55	0.000748126	55	-5.58402E-5	55	1.00587E-5	55	0.00053066	55	0.000194576	55	0.000214345	55	0.000833795
56	0.000583379	56	0.000814025	56	-0.000161278	56	-0.000194228	56	0.00053066	56	0.000293424	56	5.6188E-5	56	0.000840385
57	0.000708587	57	0.000761306	57	1.00587E-5	57	0.000128677	57	0.00053066	57	0.000253885	57	0.000187986	57	0.000833795
58	0.000629508	58	0.00052407	58	-8.87896E-5	58	-0.000220587	58	0.000234115	58	0.000201166	58	6.93677E-5	58	0.000583379
59	0.000636098	59	0.000754716	59	3.46884E-6	59	8.91374E-5	59	0.00055702	59	0.000273654	59	0.000234115	59	0.000807435
60	0.0005043	60	0.000583379	60	-0.000101969	60	4.95981E-5	60	0.000398862	60	0.000108907	60	0.000102317	60	0.000761306
61	0.000695407	61	0.000794256	61	-0.000108559	61	3.64183E-5	61	0.000497711	61	0.000227525	61	0.000155036	61	0.000787666
62	0.000589969	62	0.00052407	62	-0.000154689	62	-4.26604E-5	62	0.000458171	62	0.000253885	62	-3.60705E-5	62	0.000860154
63	0.000622918	63	0.000754716	63	4.30082E-5	63	7.59576E-5	63	0.000563609	63	0.000280244	63	0.000207755	63	0.000840385
64	0.000596559	64	0.000576789	64	-4.26604E-5	64	-3.60705E-5	64	0.000418632	64	0.000115497	64	-9.71094E-6	64	0.000715177
65	0.000688817	65	0.000701997	65	-0.000121739	65	-1.63008E-5	65	0.00054384	65	0.000214345	65	0.000201166	65	0.000781076
66	0.000603149	66	0.00051089	66	-0.000101969	66	-0.000115149	66	0.000669048	66	6.27778E-5	66	0.000122087	66	0.000774486
67	0.000655868	67	0.000754716	67	-3.12105E-6	67	0.000181396	67	0.000609739	67	0.000174806	67	0.000267064	67	0.000846975
68	0.000339553	68	0.000708587	68	-0.000187638	68	0.000102317	68	0.00055043	68	0.000148446	68	0.000161626	68	0.000754716
69	0.000616329	69	0.000781076	69	-6.90199E-5	69	-7.56098E-5	69	0.000583379	69	0.000207755	69	0.000273654	69	0.000767896
70	0.000458171	70	0.000754716	70	-0.000121739	70	4.95981E-5	70	0.000669048	70	0.000181396	70	0.000201166	70	0.000715177
71	0.000603149	71	0.000669048	71	-0.000121739	71	7.59576E-5	71	0.000642688	71	0.000187986	71	0.000253885	71	0.000748126
72	0.000596559	72	0.000616329	72	-0.000174458	72	-4.26604E-5	72	0.000682227	72	-0.000115149	72	0.000240705	72	0.000748126
73	0.000583379	73	0.000767896	73	-0.000154689	73	6.93677E-5	73	0.000642688	73	0.000227525	73	0.000273654	73	0.000761306
74	0.000655868	74	0.000959003	74	-0.000174458	74	6.27778E-5	74	0.00053725	74	0.000168216	74	0.000108907	74	0.000596559
75	0.000781076	75	0.000741536	75	2.32385E-5	75	0.000102317	75	0.000642688	75	0.000187986	75	0.000227525	75	0.000734947
76	0.000339553	76	0.000682227	76	-8.87896E-5	76	9.57273E-5	76	0.000609739	76	5.6188E-5	76	0.000444991	76	0.000636098
77	0.000616329	77	0.000754716	77	3.64183E-5	77	0.000122087	77	0.000682227	77	0.000148446	77	0.000339553	77	0.000728357
78	0.000814025	78	0.000563609	78	-0.000207408	78	-1.63008E-5	78	0.000589969	78	2.32385E-5	78	0.000141857	78	0.000636098
79	0.000655868	79	0.000688817	79	-0.000207408	79	0.000108907	79	0.000695407	79	0.000122087	79	0.000332963	79	0.000695407
80	0.000675638	80	0.000715177	80	-0.000200818	80	3.46884E-6	80	0.000833795	80	0.000155036	80	0.000247295	80	0.000629508
81	0.000701997	81	0.000748126	81	-4.92503E-5	81	0.000128677	81	0.000688817	81	0.000194576	81	0.000286834	81	0.000734947
82	0.00053066	82	0.000583379	82	-0.000128329	82	4.95981E-5	82	0.000359323	82	0.000187986	82	0.000194576	82	0.000583379
83	0.000589969	83	0.000715177	83	-2.28907E-5	83	8.25475E-5	83	0.000669048	83	0.000102317	83	0.000319784	83	0.000642688
84	0.000721767	84	0.00053066	84	-3.12105E-6	84	5.6188E-5	84	0.000840385	84	0.000102317	84	0.000214345	84	0.000708587
85	0.000721767	85	0.000721767	85	-0.000213998	85	0.000108907	85	0.000682227	85	0.000141857	85	0.000319784	85	0.000695407
86	0.00053725	86	0.000781076	86	-8.87896E-5	86	-0.000227177	86	0.000695407	86	0.000115497	86	-3.12105E-6	86	0.000682227
87	0.000662458	87	0.000734947	87	5.6188E-5	87	7.59576E-5	87	0.000688817	87	0.000122087	87	0.000346143	87	0.000728357
88	0.000293424	88	0.000293424	88	-0.000181048	88	2.98284E-5	88	0.00053725	88	4.30082E-5	88	0.000300014	88	0.000721767
89	0.000616329	89	0.000748126	89	-3.12105E-6	89	6.27778E-5	89	0.000669048	89	0.000135267	89	0.000339553	89	0.000708587
90	0.000655868	90	0.000688817	90	-0.000154689	90	0.000122087	90	0.000669048	90	3.46884E-6	90	9.57273E-5	90	0.00055702
91	0.000622918	91	0.000708587	91	-4.92503E-5	91	3.64183E-5	91	0.000669048	91	0.000174806	91	0.000339553	91	0.000695407
92	0.000596559	92	0.000583379	92	-0.000148099	92	2.98284E-5	92	0.000497711	92	6.27778E-5	92	0.000319784	92	0.000675638
93	0.000662458	93	0.000754716	93	-9.53795E-5	93	4.95981E-5	93	0.000669048	93	8.25475E-5	93	0.000326373	93	0.000662458
94	0.000682227	94	0.000761306	94	-5.58402E-5	94	9.57273E-5	94	0.000616329	94	0.000168216	94	0.000280244	94	0.000583379
95	0.000682227	95	0.000715177	95	-9.53795E-5	95	5.6188E-5	95	0.000642688	95	0.000122087	95	0.000313194	95	0.000662458
96	0.000642688	96	0.000721767	96	-0.000128329	96	9.57273E-5	96	0.0005043	96	2.98284E-5	96	0.000148446	96	0.000701997
97	0.000655868	97	0.000741536	97	-0.000128329	97	-6.90199E-5	97	0.000662458	97	0.000155036	97	0.000313194	97	0.000642688
98	0.000603149	98	0.00053725	98	-7.56098E-5	98	0.000128677	98	0.00054384	98	6.27778E-5	98	0.000293424	98	0.000589969
99	0.000471351	99	0.000728357	99	-2.94806E-5	99	5.6188E-5	99	0.000688817	99	0.000187986	99	0.000319784	99	0.000682227
100	0.000491121	100	0.000596559	100	-0.000187638	100	0.000168216	100	0.000695407	100	4.95981E-5	100	0.000108907	100	0.000695407
101	0.000616329	101	0.000761306	101	3.46884E-6	101	6.93677E-5	101	0.000708587	101	0.000148446	101	0.000300014	101	0.000695407
102	0.000642688	102	0.00053725	102	-0.000154689	102	-6.90199E-5	102	0.000609739	102	-0.000240357	102	0.000220935	102	0.000609739
103	0.000649278	103	0.000708587	103	-2.28907E-5	103	0.000155036	103	0.000721767	103	0.000174806	103	0.000326373	103	0.000701997
104	0.000491121	104	0.000748126	104	-0.000332616	104	-7.56098E-5	104	0.000655868	104	8.91374E-5	104	8.91374E-5	104	0.000609739
105	0.000655868	105	0.000734947	105	1.00587E-5	105	8.91374E-5	105	0.000715177	105	0.000161626	105	0.000300014	105	0.000675638
106	0.000642688	106	0.000662458	106	-0.000134919	106	0.000115497	106	0.000754716	106	-1.63008E-5	106	0.000359323	106	0.000721767
107	0.000734947	107	0.000734947	107	-8.87896E-5	107	-1.63008E-5	107	0.000715177	107	0.000148446	107	0.000293424	107	0.000728357
108	0.00051748	108	0.000583379	108	-0.000207408	108	0.000280244	108	0.000629508	108	-9.71094E-6	108	0.000300014	108	0.000622918
109	0.000570199	109	0.000721767	109	-2.28907E-5	109	6.93677E-5	109	0.000741536	109	0.000168216	109	0.000313194	109	0.000682227
110	0.000642688	110	0.000570199	110	-8.87896E-5	110	-3.12105E-6	110	0.000662458	110	0.000108907	110	0.000293424	110	0.000701997
111	0.000688817	111	0.000761306	111	-0.000128329	111	0.000135267	111	0.000728357	111	0.000148446	111	0.000300014	111	0.000662458
112	0.000655868	112	0.000774486	112	-4.26604E-5	112	-1.63008E-5	112	0.000589969	112	6.27778E-5	112	0.000359323	112	0.000649278
113	0.000695407	113	0.000748126	113	-4.92503E-5	113	5.6188E-5	113	0.000721767	113	0.000135267	113	0.000306604	113	0.000649278
114	0.000622918	114	0.000451581	114	-0.000101969	114	3.64183E-5	114	0.000886514	114	3.64183E-5	114	0.000359323	114	0.000583379
115	0.000642688	115	0.000761306	115	-0.000108559	115	0.000128677	115	0.000721767	115	0.000122087	115	0.000300014	115	0.000649278
116	0.00055043	116	0.000886514	116	-6.24301E-5	116	-8.87896E-5	116	0.000636098	116	0.000174806	116	0.000220935	116	0.000589969
117	0.000669048	117	0.000734947	117	-0.000101969	117	3.46884E-6	117	0.000721767	117	0.000102317	117	0.000332963	117	0.00053066
118	0.000629508	118	0.000629508	118	-0.000128329	118	-8.87896E-5	118	0.000734947	118	-6.90199E-5	118	0.000313194	118	0.000708587
119	0.000662458	119	0.000728357	119	-4.92503E-5	119	0.000174806	119	0.000675638	119	0.000141857	119	0.000313194	119	0.000728357
120	0.000181396	120	0.000715177	120	-0.000128329	120	-3.12105E-6	120	0.000576789	120	8.25475E-5	120	0.000306604	120	0.000662458
121	0.000576789	121	0.000715177	121	-4.92503E-5	121	0.000122087	121	0.000688817	121	0.000128677	121	0.000319784	121	0.000675638
122	0.000695407	122	0.000655868	122	-0.000279896	122	-3.12105E-6	122	0.000754716	122	-0.000220587	122	0.000234115	122	0.000576789
123	0.000629508	123	0.000767896	123	-5.58402E-5	123	0.000141857	123	0.000701997	123	0.000207755	123	0.000326373	123	0.000701997
124	0.000563609	124	0.000774486	124	-0.000326026	124	8.91374E-5	124	0.000471351	124	8.91374E-5	124	0.000181396	124	0.000570199
125	0.000629508	125	0.000721767	125	-2.94806E-5	125	2.32385E-5	125	0.000675638	125	0.000115497	125	0.000313194	125	0.000636098
126	0.000662458	126	0.000471351	126	4.95981E-5	126	5.6188E-5	126	0.000774486	126	1.66486E-5	126	0.000425222	126	0.000715177
127	0.000695407	127	0.000721767	127	-0.000181048	127	0.000267064	127	0.000655868	127	0.000115497	127	0.000332963	127	0.000636098
128	0.000596559	128	0.000767896	128	-0.000200818	128	-0.000141509	128	0.000609739	128	0.000128677	128	4.30082E-5	128	0.000794256
129	0.000622918	129	0.000754716	129	4.30082E-5	129	5.6188E-5	129	0.000662458	129	0.000128677	129	0.000332963	129	0.000734947
130	0.000464761	130	0.000326373	130	-0.000134919	130	2.32385E-5	130	0.000589969	130	-9.71094E-6	130	0.000306604	130	0.000655868
131	0.000622918	131	0.000741536	131	-1.63008E-5	131	0.000108907	131	0.000655868	131	0.000108907	131	0.000352733	131	0.000675638
132	0.000616329	132	0.0005043	132	-0.000181048	132	-4.26604E-5	132	0.00055702	132	-0.000200818	132	0.000155036	132	0.000563609
133	0.000688817	133	0.000748126	133	-1.63008E-5	133	3.64183E-5	133	0.000636098	133	0.000161626	133	0.000372503	133	0.000688817
134	0.000491121	134	0.000412042	134	-0.000332616	134	4.30082E-5	134	0.000451581	134	-0.000134919	134	0.000227525	134	0.000701997
135	0.000622918	135	0.000734947	135	-0.000154689	135	0.000108907	135	0.000570199	135	8.91374E-5	135	0.000412042	135	0.000767896
136	0.000563609	136	0.00053725	136	-1.63008E-5	136	-6.90199E-5	136	0.000438402	136	3.46884E-6	136	0.000253885	136	0.000405452
137	0.000596559	137	0.000728357	137	-2.94806E-5	137	-3.60705E-5	137	0.000491121	137	0.000115497	137	0.000267064	137	0.000721767
138	0.000583379	138	0.000721767	138	-0.000148099	138	6.93677E-5	138	0.000418632	138	2.98284E-5	138	0.000267064	138	0.000827205
139	0.000675638	139	0.000721767	139	-0.000174458	139	0.000220935	139	0.00051748	139	5.6188E-5	139	0.000319784	139	0.000728357
140	0.000286834	140	0.000695407	140	-0.000253537	140	-4.26604E-5	140	0.000306604	140	8.25475E-5	140	0.000181396	140	0.000741536
141	0.000655868	141	0.000748126	141	-6.24301E-5	141	6.27778E-5	141	0.00052407	141	7.59576E-5	141	0.000300014	141	0.000754716
142	0.000583379	142	0.00053725	142	-0.000101969	142	-8.21997E-5	142	0.000438402	142	-3.60705E-5	142	0.000267064	142	0.000741536
143	0.000596559	143	0.000734947	143	-9.71094E-6	143	6.93677E-5	143	0.00052407	143	0.000168216	143	0.000313194	143	0.000781076
144	0.000589969	144	0.000728357	144	-0.000227177	144	-9.71094E-6	144	0.000339553	144	1.66486E-5	144	1.00587E-5	144	0.000728357
145	0.000603149	145	0.000774486	145	4.30082E-5	145	4.30082E-5	145	0.00051748	145	-4.92503E-5	145	0.000313194	145	0.000761306
146	0.000589969	146	0.000319784	146	-3.60705E-5	146	-8.87896E-5	146	0.000418632	146	-6.24301E-5	146	0.000207755	146	0.000728357
147	0.000655868	147	0.000787666	147	-0.000108559	147	8.91374E-5	147	0.00051748	147	-3.12105E-6	147	0.000319784	147	0.000787666
148	0.00051748	148	0.000741536	148	-0.000128329	148	-0.000319436	148	0.000464761	148	-0.000128329	148	0.000102317	148	0.000682227
149	0.000642688	149	0.000774486	149	-3.12105E-6	149	-2.28907E-5	149	0.00051748	149	2.32385E-5	149	0.000286834	149	0.000899694
150	0.000451581	150	0.000609739	150	-0.000174458	150	8.25475E-5	150	0.000477941	150	-0.000207408	150	0.000306604	150	0.000787666
151	0.000649278	151	0.000794256	151	-6.24301E-5	151	3.64183E-5	151	0.00052407	151	-2.28907E-5	151	0.000267064	151	0.000840385
152	0.00054384	152	0.000701997	152	-5.58402E-5	152	-0.000167868	152	0.000385682	152	-3.60705E-5	152	0.000240705	152	0.000622918
153	0.000649278	153	0.000794256	153	-6.24301E-5	153	0.000128677	153	0.00052407	153	-2.28907E-5	153	0.000280244	153	0.000794256
154	0.00052407	154	0.000721767	154	-0.000246947	154	-5.58402E-5	154	0.000484531	154	0.000135267	154	0.000174806	154	0.000860154
155	0.000708587	155	0.000767896	155	2.32385E-5	155	2.98284E-5	155	0.00051748	155	-4.92503E-5	155	0.000273654	155	0.000787666
156	0.0005043	156	0.000675638	156	0.000108907	156	-9.53795E-5	156	0.000326373	156	-7.56098E-5	156	0.000286834	156	0.000807435
157	0.000642688	157	0.000781076	157	-5.58402E-5	157	7.59576E-5	157	0.0005043	157	1.00587E-5	157	0.000214345	157	0.000800845
158	0.000596559	158	0.000649278	158	-0.000213998	158	-0.000101969	158	0.000484531	158	-8.21997E-5	158	0.000161626	158	0.000794256
159	0.000655868	159	0.000781076	159	9.57273E-5	159	0.000128677	159	0.00053725	159	-4.92503E-5	159	0.000313194	159	0.000873334
160	0.00052407	160	0.000392272	160	-4.26604E-5	160	-0.000115149	160	0.000339553	160	-0.000154689	160	0.000148446	160	0.000669048
161	0.000761306	161	0.000781076	161	-2.94806E-5	161	2.98284E-5	161	0.00053725	161	-3.12105E-6	161	0.000293424	161	0.000761306
162	0.00053725	162	0.000754716	162	-0.000161278	162	1.00587E-5	162	0.000385682	162	-8.21997E-5	162	0.000168216	162	0.000682227
163	0.00053725	163	0.000814025	163	3.46884E-6	163	-0.000108559	163	0.000497711	163	-3.12105E-6	163	0.000280244	163	0.000827205
164	0.00051748	164	0.00101172	164	-6.90199E-5	164	-3.60705E-5	164	0.000438402	164	-2.94806E-5	164	0.000207755	164	0.000754716
165	0.000649278	165	0.000794256	165	-4.26604E-5	165	-5.58402E-5	165	0.00051089	165	3.46884E-6	165	0.000267064	165	0.000748126
166	0.000728357	166	0.000873334	166	-0.000121739	166	-9.71094E-6	166	0.000477941	166	-0.000134919	166	0.000194576	166	0.000682227
167	0.000701997	167	0.000794256	167	-2.28907E-5	167	-9.53795E-5	167	0.00053066	167	1.66486E-5	167	0.000220935	167	0.000767896
168	0.000570199	168	0.000761306	168	-5.58402E-5	168	1.66486E-5	168	0.000352733	168	2.98284E-5	168	0.000214345	168	0.000840385
169	0.000649278	169	0.000800845	169	-0.000101969	169	-3.60705E-5	169	0.00052407	169	-9.71094E-6	169	0.000267064	169	0.000781076
170	0.000642688	170	0.000675638	170	6.93677E-5	170	-0.000101969	170	0.000464761	170	-4.26604E-5	170	0.000161626	170	0.000570199
171	0.000669048	171	0.000787666	171	1.66486E-5	171	0.000102317	171	0.00051089	171	5.6188E-5	171	0.000273654	171	0.000741536
172	0.000596559	172	0.000695407	172	-6.24301E-5	172	-0.000128329	172	0.000392272	172	-8.87896E-5	172	6.93677E-5	172	0.000919463
173	0.000622918	173	0.000781076	173	3.64183E-5	173	-5.58402E-5	173	0.00052407	173	-2.28907E-5	173	0.000194576	173	0.000840385
174	0.000576789	174	0.00113034	174	0.000135267	174	-7.56098E-5	174	0.000655868	174	-5.58402E-5	174	0.000267064	174	0.000767896
175	0.000642688	175	0.000800845	175	0.000135267	175	-0.000108559	175	0.000497711	175	6.27778E-5	175	0.000227525	175	0.000840385
176	0.00052407	176	0.000306604	176	7.59576E-5	176	-0.000213998	176	0.000352733	176	-0.000220587	176	0.000148446	176	0.000886514
177	0.000603149	177	0.000814025	177	0.000306604	177	-0.000134919	177	0.00053725	177	-9.71094E-6	177	0.000247295	177	0.000879924
178	0.000563609	178	0.000800845	178	-3.12105E-6	178	-7.56098E-5	178	0.000491121	178	-7.56098E-5	178	3.46884E-6	178	0.000761306
179	0.000629508	179	0.000807435	179	0.000148446	179	-0.000227177	179	0.00051748	179	1.66486E-5	179	0.000234115	179	0.000833795
180	0.000484531	180	0.000800845	180	0.000201166	180	-0.000523722	180	0.000444991	180	1.66486E-5	180	0.000273654	180	0.0005043
181	0.000622918	181	0.000794256	181	0.000220935	181	-1.63008E-5	181	0.00051089	181	-6.90199E-5	181	0.000234115	181	0.000827205
182	0.000207755	182	0.000616329	182	0.000115497	182	-0.000194228	182	0.000313194	182	-0.000207408	182	0.000148446	182	0.000886514
183	0.000649278	183	0.000800845	183	0.000181396	183	-0.000167868	183	0.000491121	183	3.46884E-6	183	0.000247295	183	0.000893104
184	0.000398862	184	0.00054384	184	0.000201166	184	-0.000345795	184	0.000491121	184	-8.21997E-5	184	0.000207755	184	0.000827205
185	0.00053066	185	0.000767896	185	0.000240705	185	-6.24301E-5	185	0.00051089	185	0.000102317	185	0.000220935	185	0.000893104
186	0.000570199	186	0.000932643	186	-2.28907E-5	186	-0.000213998	186	0.000464761	186	-0.000181048	186	8.91374E-5	186	0.000774486
187	0.000616329	187	0.000767896	187	0.000247295	187	-0.000194228	187	0.00055043	187	2.98284E-5	187	0.000220935	187	0.000820615
188	0.000642688	188	0.000879924	188	0.000240705	188	-0.000194228	188	0.000431812	188	-6.90199E-5	188	0.000187986	188	0.000800845
189	0.000655868	189	0.000787666	189	0.000260475	189	-0.000200818	189	0.000491121	189	-2.28907E-5	189	0.000181396	189	0.000853565
190	0.000425222	190	0.000570199	190	0.000174806	190	-0.000233767	190	0.000346143	190	1.00587E-5	190	0.000227525	190	0.000945823
191	0.000622918	191	0.000781076	191	0.000300014	191	-0.000161278	191	0.00053066	191	-5.58402E-5	191	0.000286834	191	0.000807435
192	0.000662458	192	0.000669048	192	0.000148446	192	-0.000352385	192	0.000438402	192	-9.53795E-5	192	1.00587E-5	192	0.000787666
193	0.000688817	193	0.000800845	193	0.000332963	193	-0.000174458	193	0.00051748	193	-1.63008E-5	193	0.000227525	193	0.000866744
194	0.000425222	194	0.000346143	194	0.000227525	194	-0.000312846	194	0.000655868	194	-8.87896E-5	194	0.000187986	194	0.000912874
195	0.000609739	195	0.000715177	195	0.000273654	195	-0.000273307	195	0.00054384	195	-3.12105E-6	195	0.000194576	195	0.000853565
196	0.00053066	196	0.000840385	196	0.000227525	196	-0.000266717	196	0.000458171	196	-0.000167868	196	0.000214345	196	0.000767896
197	0.00053725	197	0.000800845	197	0.000227525	197	-0.000181048	197	0.00051089	197	5.6188E-5	197	0.000234115	197	0.000886514
198	0.000214345	198	0.000866744	198	0.000306604	198	-0.000385335	198	0.000379093	198	-3.12105E-6	198	8.25475E-5	198	0.000866744
199	0.000609739	199	0.000754716	199	0.000273654	199	-0.000227177	199	0.0005043	199	3.64183E-5	199	0.000201166	199	0.000833795
200	0.000589969	200	0.000655868	200	0.000247295	200	-4.26604E-5	200	0.000293424	200	-8.87896E-5	200	0.000293424	200	0.000682227
201	0.000596559	201	0.000774486	201	0.000313194	201	-0.000181048	201	0.0005043	201	-2.94806E-5	201	0.000247295	201	0.000893104
202	0.000669048	202	0.000774486	202	0.000214345	202	-0.000326026	202	0.00051748	202	4.95981E-5	202	5.6188E-5	202	0.000939233
203	0.000649278	203	0.000761306	203	0.000293424	203	-0.000273307	203	0.00051748	203	3.46884E-6	203	0.000234115	203	0.000840385
204	0.000616329	204	0.000767896	204	0.000214345	204	-0.000240357	204	0.00051748	204	-0.000101969	204	0.000108907	204	0.000708587
205	0.000728357	205	0.000781076	205	0.000286834	205	-0.000233767	205	0.00052407	205	1.66486E-5	205	0.000207755	205	0.000866744
206	0.000583379	206	0.0010249	206	0.000194576	206	-0.000253537	206	0.000418632	206	0.000155036	206	0.000155036	206	0.000866744
207	0.00053725	207	0.000781076	207	0.000346143	207	-0.000246947	207	0.00052407	207	-1.63008E-5	207	0.000267064	207	0.000833795
208	0.000596559	208	0.000589969	208	0.000240705	208	-0.000306256	208	0.000603149	208	0.000102317	208	0.000332963	208	0.000893104
209	0.000636098	209	0.000748126	209	0.000234115	209	-0.000266717	209	0.000497711	209	2.98284E-5	209	0.000240705	209	0.000814025
210	0.000576789	210	0.000636098	210	0.000161626	210	-0.000424874	210	0.000451581	210	-7.56098E-5	210	-0.000101969	210	0.000840385
211	0.000642688	211	0.000761306	211	0.000319784	211	-0.000187638	211	0.0005043	211	-9.71094E-6	211	0.000247295	211	0.000767896
212	0.000774486	212	0.000774486	212	0.000273654	212	-0.000312846	212	0.00054384	212	-0.000128329	212	0.000174806	212	0.000682227
213	0.000701997	213	0.000787666	213	0.000293424	213	-0.000293076	213	0.00051089	213	3.64183E-5	213	0.000240705	213	0.000833795
214	0.000425222	214	0.00051748	214	0.000155036	214	-0.000293076	214	0.000280244	214	-0.000240357	214	0.000115497	214	0.000893104
215	0.000695407	215	0.000800845	215	0.000300014	215	-0.000174458	215	0.00051748	215	-2.28907E-5	215	0.000247295	215	0.000965593
216	0.000365913	216	0.000609739	216	0.000365913	216	-0.000378745	216	0.00052407	216	3.64183E-5	216	0.000214345	216	0.000840385
217	0.000609739	217	0.000774486	217	0.000214345	217	-0.000240357	217	0.000497711	217	-1.63008E-5	217	0.000214345	217	0.000827205
218	0.000583379	218	0.000853565	218	0.000405452	218	-0.000233767	218	0.000444991	218	6.93677E-5	218	-3.60705E-5	218	0.000761306
219	0.000609739	219	0.000754716	219	0.000326373	219	-0.000260127	219	0.000497711	219	7.59576E-5	219	0.000220935	219	0.000814025
220	0.000688817	220	0.00054384	220	0.000313194	220	3.46884E-6	220	0.000570199	220	-0.000115149	220	0.000306604	220	0.000853565
221	0.000636098	221	0.000761306	221	0.000286834	221	-0.000319436	221	0.000497711	221	1.66486E-5	221	0.000168216	221	0.000886514
222	0.000688817	222	0.000886514	222	0.000293424	222	-0.000273307	222	0.00051089	222	-3.12105E-6	222	0.000161626	222	0.000926053
223	0.000636098	223	0.000754716	223	0.000267064	223	-0.000266717	223	0.000484531	223	4.95981E-5	223	0.000201166	223	0.000873334
224	0.000695407	224	0.00052407	224	0.000286834	224	-0.000312846	224	0.000748126	224	-3.60705E-5	224	0.000234115	224	0.000794256
225	0.000728357	225	0.000800845	225	0.000247295	225	-0.000154689	225	0.00051089	225	3.64183E-5	225	0.000201166	225	0.000853565
226	0.000464761	226	0.000642688	226	0.000220935	226	-0.000411694	226	0.000425222	226	0.000227525	226	0.000300014	226	0.000814025
227	0.000609739	227	0.000748126	227	0.000220935	227	-0.000174458	227	0.0005043	227	-3.60705E-5	227	0.000227525	227	0.000840385
228	0.000636098	228	0.000800845	228	0.000286834	228	-0.000286486	228	0.000563609	228	4.95981E-5	228	0.000148446	228	0.000879924
229	0.000754716	229	0.000754716	229	0.000148446	229	-0.000213998	229	0.00053725	229	4.95981E-5	229	0.000220935	229	0.000846975
230	0.00055043	230	0.000833795	230	0.000214345	230	-0.000365565	230	0.000425222	230	-2.94806E-5	230	8.25475E-5	230	0.000899694
231	0.000583379	231	0.000754716	231	0.000207755	231	-0.000207408	231	0.00054384	231	7.59576E-5	231	0.000207755	231	0.000972183
232	0.000253885	232	0.000609739	232	0.000135267	232	-0.000115149	232	0.000207755	232	-3.12105E-6	232	0.000187986	232	0.000794256
233	0.000589969	233	0.000774486	233	0.000194576	233	-0.000161278	233	0.000477941	233	7.59576E-5	233	0.000227525	233	0.000866744
234	0.000655868	234	0.000675638	234	9.57273E-5	234	-0.000266717	234	0.00051748	234	3.46884E-6	234	-4.92503E-5	234	0.000820615
235	0.000662458	235	0.000781076	235	0.000240705	235	-0.000148099	235	0.00055702	235	7.59576E-5	235	0.000240705	235	0.000860154
236	0.000583379	236	0.000253885	236	0.000108907	236	-0.000279896	236	0.000398862	236	-4.92503E-5	236	0.000194576	236	0.000873334
237	0.000649278	237	0.000794256	237	0.000214345	237	-0.000115149	237	0.00052407	237	1.66486E-5	237	0.000187986	237	0.000827205
238	0.00052407	238	0.000642688	238	0.000300014	238	-0.000378745	238	0.00053725	238	7.59576E-5	238	0.000273654	238	0.000721767
239	0.000622918	239	0.000767896	239	0.000148446	239	-0.000154689	239	0.00051089	239	4.30082E-5	239	0.000214345	239	0.000846975
240	0.00055043	240	0.000741536	240	0.000102317	240	-0.000279896	240	0.000458171	240	-6.90199E-5	240	0.000108907	240	0.000912874
241	0.000695407	241	0.000774486	241	0.000214345	241	-0.000312846	241	0.0005043	241	6.27778E-5	241	0.000227525	241	0.000873334
242	0.000319784	242	0.000655868	242	0.000168216	242	-0.000227177	242	0.000444991	242	-5.58402E-5	242	0.000267064	242	0.000787666
243	0.000471351	243	0.000761306	243	0.000247295	243	-0.000115149	243	0.000471351	243	6.27778E-5	243	0.000207755	243	0.000906284
244	0.000662458	244	0.000609739	244	-8.21997E-5	244	-0.000326026	244	0.000405452	244	-8.87896E-5	244	0.000122087	244	0.000774486
245	0.000629508	245	0.000767896	245	0.000240705	245	-0.000134919	245	0.00053725	245	6.27778E-5	245	0.000214345	245	0.000879924
246	0.000405452	246	0.000365913	246	0.000207755	246	-0.000246947	246	0.000148446	246	6.27778E-5	246	0.000155036	246	0.000715177
247	0.00053066	247	0.000794256	247	0.000273654	247	-0.000174458	247	0.00053066	247	3.64183E-5	247	0.000240705	247	0.000846975
248	0.000728357	248	0.00055043	248	0.000267064	248	-0.000279896	248	0.000458171	248	-0.000141509	248	2.32385E-5	248	0.000820615
249	0.000616329	249	0.000774486	249	0.000286834	249	-0.000220587	249	0.00052407	249	6.27778E-5	249	0.000234115	249	0.000860154
250	0.00052407	250	0.000695407	250	0.000273654	250	-0.000299666	250	0.000405452	250	-0.000121739	250	6.93677E-5	250	0.000787666
251	0.000616329	251	0.000734947	251	0.000300014	251	-0.000405104	251	0.0005043	251	3.46884E-6	251	0.000181396	251	0.000833795
252	0.000642688	252	0.000603149	252	0.000227525	252	-0.000207408	252	0.00053725	252	-0.000101969	252	0.000220935	252	0.000800845
253	0.00051748	253	0.000754716	253	0.000273654	253	-0.000240357	253	0.00052407	253	-1.63008E-5	253	0.000220935	253	0.000893104
254	0.000497711	254	0.000734947	254	0.000286834	254	-0.000372155	254	0.000418632	254	1.00587E-5	254	0.000286834	254	0.000754716
255	0.000649278	255	0.000754716	255	0.000293424	255	-0.000260127	255	0.00051748	255	-7.56098E-5	255	0.000227525	255	0.000820615
256	0.000708587	256	0.000359323	256	0.000201166	256	-0.000391925	256	0.0005043	256	-0.000240357	256	0.000214345	256	0.000906284
257	0.000754716	257	0.000774486	257	0.000293424	257	-0.000240357	257	0.0005043	257	-3.60705E-5	257	0.000207755	257	0.000919463
258	0.000207755	258	0.000734947	258	0.000174806	258	-0.000385335	258	0.000372503	258	6.27778E-5	258	0.000181396	258	0.000833795
259	0.000636098	259	0.000754716	259	0.000234115	259	-0.000207408	259	0.0005043	259	-3.60705E-5	259	0.000313194	259	0.000833795
260	0.000629508	260	0.000682227	260	0.000359323	260	-0.000312846	260	0.000589969	260	0.000122087	260	9.57273E-5	260	0.000860154
261	0.000695407	261	0.000781076	261	0.000260475	261	-0.000207408	261	0.000471351	261	2.32385E-5	261	0.000168216	261	0.000860154
262	0.00055702	262	0.000741536	262	0.000194576	262	-0.000200818	262	0.000425222	262	-9.71094E-6	262	0.000247295	262	0.00111057
263	0.000636098	263	0.000761306	263	0.000187986	263	-0.000293076	263	0.00053066	263	1.66486E-5	263	0.000194576	263	0.000840385
264	0.000728357	264	0.000840385	264	0.000313194	264	-0.000207408	264	0.000853565	264	3.46884E-6	264	0.000247295	264	0.000794256
265	0.000800845	265	0.000748126	265	0.000194576	265	-0.000148099	265	0.000477941	265	4.95981E-5	265	0.000194576	265	0.000807435
266	0.000609739	266	0.000253885	266	0.000128677	266	-0.000253537	266	0.000438402	266	-4.26604E-5	266	0.000214345	266	0.000820615
267	0.000583379	267	0.000767896	267	0.000194576	267	-0.000207408	267	0.00052407	267	2.32385E-5	267	0.000214345	267	0.000873334
268	0.000477941	268	0.000820615	268	0.000135267	268	-0.000194228	268	0.0005043	268	-5.58402E-5	268	0.000161626	268	0.000721767
269	0.000583379	269	0.000754716	269	0.000253885	269	-0.000213998	269	0.0005043	269	6.27778E-5	269	0.000240705	269	0.000800845
270	0.000583379	270	0.000715177	270	5.6188E-5	270	-0.000246947	270	0.000339553	270	-7.56098E-5	270	0.000267064	270	0.000570199
271	0.000576789	271	0.000787666	271	0.000155036	271	-8.87896E-5	271	0.0005043	271	6.27778E-5	271	0.000214345	271	0.000833795
272	0.00053725	272	0.000767896	272	-9.71094E-6	272	-0.000424874	272	0.00051748	272	8.25475E-5	272	4.95981E-5	272	0.000820615
273	0.000715177	273	0.000761306	273	0.000201166	273	-0.000101969	273	0.00051089	273	1.66486E-5	273	0.000207755	273	0.000814025
274	0.000392272	274	0.00055702	274	0.000168216	274	-0.000181048	274	0.00053725	274	2.98284E-5	274	0.000253885	274	0.000965593
275	0.000603149	275	0.000767896	275	0.000108907	275	-0.000227177	275	0.000484531	275	7.59576E-5	275	0.000155036	275	0.000833795
276	0.000715177	276	0.000741536	276	0.000155036	276	-0.000240357	276	0.000425222	276	-6.24301E-5	276	0.000141857	276	0.000721767
277	0.000649278	277	0.000787666	277	0.000168216	277	-8.21997E-5	277	0.00053725	277	5.6188E-5	277	0.000240705	277	0.000866744
278	0.000484531	278	0.000596559	278	6.93677E-5	278	-0.000306256	278	0.000398862	278	0.000108907	278	0.000168216	278	0.000833795
279	0.000649278	279	0.000761306	279	0.000181396	279	-0.000167868	279	0.000484531	279	-9.71094E-6	279	0.000220935	279	0.000833795
280	0.000708587	280	0.000879924	280	0.000306604	280	-0.000128329	280	0.000471351	280	-3.12105E-6	280	0.000148446	280	0.000708587
281	0.000563609	281	0.000748126	281	0.000234115	281	-0.000128329	281	0.00051748	281	9.57273E-5	281	0.000148446	281	0.000814025
282	0.00055702	282	0.000728357	282	-0.000134919	282	-0.000253537	282	0.00055702	282	8.91374E-5	282	0.000201166	282	0.000879924
283	0.000642688	283	0.000748126	283	0.000214345	283	-0.000240357	283	0.000484531	283	3.46884E-6	283	0.000253885	283	0.000873334
284	0.000649278	284	0.000649278	284	0.000135267	284	-0.000293076	284	0.000491121	284	-9.53795E-5	284	-3.60705E-5	284	0.000715177
285	0.000873334	285	0.000781076	285	0.000227525	285	-0.000121739	285	0.00053725	285	6.27778E-5	285	0.000227525	285	0.000814025
286	0.00051748	286	0.000359323	286	0.000181396	286	-0.000332616	286	0.000471351	286	-6.24301E-5	286	0.000253885	286	0.000820615
287	0.00055702	287	0.000774486	287	0.000220935	287	-0.000207408	287	0.00051089	287	2.32385E-5	287	0.000201166	287	0.000860154
288	0.000464761	288	0.000695407	288	0.000181396	288	-0.000279896	288	0.000458171	288	-2.28907E-5	288	0.000161626	288	0.000807435
289	0.000596559	289	0.000754716	289	0.000220935	289	-0.000200818	289	0.00053066	289	4.30082E-5	289	0.000234115	289	0.000853565
290	0.000346143	290	0.000701997	290	0.000214345	290	-0.000365565	290	0.000464761	290	-0.000181048	290	0.000227525	290	0.000649278
291	0.000629508	291	0.000754716	291	8.25475E-5	291	-0.000187638	291	0.00051748	291	1.66486E-5	291	0.000201166	291	0.000840385
292	0.000609739	292	0.000609739	292	0.000267064	292	-0.000273307	292	0.000227525	292	-2.28907E-5	292	7.59576E-5	292	0.000708587
293	0.000629508	293	0.000741536	293	0.000247295	293	-8.21997E-5	293	0.00052407	293	1.00587E-5	293	0.000306604	293	0.000873334
294	0.000616329	294	0.000827205	294	0.000280244	294	-0.000332616	294	0.00051748	294	-3.60705E-5	294	0.000194576	294	0.000899694
295	0.000669048	295	0.000761306	295	0.000286834	295	-0.000101969	295	0.00053725	295	-3.12105E-6	295	0.000227525	295	0.000893104
296	0.000451581	296	0.000774486	296	0.000260475	296	-0.000358975	296	0.00055702	296	-2.94806E-5	296	0.000201166	296	0.000873334
297	0.00052407	297	0.000767896	297	0.000313194	297	-0.000253537	297	0.00053725	297	-9.71094E-6	297	0.000247295	297	0.000952413
298	0.000425222	298	0.000853565	298	0.000339553	298	-0.000293076	298	0.000201166	298	-3.12105E-6	298	0.000201166	298	0.000860154
299	0.000649278	299	0.000781076	299	0.000339553	299	-0.000207408	299	0.000563609	299	6.27778E-5	299	0.000227525	299	0.000840385
300	0.0005043	300	0.000405452	300	0.000359323	300	-0.000411694	300	0.000425222	300	-3.60705E-5	300	0.000240705	300	0.000893104
301	0.000596559	301	0.000767896	301	0.000313194	301	-0.000279896	301	0.00051089	301	-2.28907E-5	301	0.000187986	301	0.000827205
302	0.000458171	302	0.000425222	302	0.000372503	302	-0.000398514	302	0.000444991	302	-0.000101969	302	1.00587E-5	302	0.000866744
303	0.000675638	303	0.000767896	303	0.000412042	303	-0.000365565	303	0.00053725	303	-2.94806E-5	303	0.000207755	303	0.000846975
304	0.00054384	304	0.000477941	304	0.000220935	304	-0.000181048	304	0.000425222	304	-0.000306256	304	0.000293424	304	0.000853565
305	0.000715177	305	0.000761306	305	0.000379093	305	-0.000174458	305	0.0005043	305	-4.26604E-5	305	0.000240705	305	0.000939233
306	0.000649278	306	0.000596559	306	0.000385682	306	-0.000405104	306	0.000431812	306	-0.000128329	306	0.000135267	306	0.000767896
307	0.00051748	307	0.000748126	307	0.000405452	307	-0.000246947	307	0.00053066	307	2.32385E-5	307	0.000227525	307	0.000893104
308	0.000339553	308	0.000583379	308	0.000280244	308	-0.000365565	308	0.000273654	308	-8.87896E-5	308	0.000234115	308	0.000965593
309	0.000682227	309	0.000695407	309	0.000412042	309	-0.000345795	309	0.00052407	309	-6.24301E-5	309	0.000214345	309	0.000827205
310	0.000622918	310	0.000715177	310	0.000438402	310	-0.000358975	310	0.000405452	310	-0.000134919	310	0.000194576	310	0.000721767
311	0.000655868	311	0.000774486	311	0.000418632	311	-0.000246947	311	0.00055702	311	-8.87896E-5	311	0.000240705	311	0.000893104
312	0.000589969	312	0.00055702	312	0.000491121	312	-0.000497363	312	0.000484531	312	-0.000161278	312	0.000214345	312	0.000800845
313	0.000642688	313	0.000741536	313	0.000477941	313	-0.000293076	313	0.00051748	313	-4.26604E-5	313	0.000240705	313	0.000853565
314	0.00051748	314	0.000609739	314	0.000128677	314	-0.000424874	314	0.000477941	314	-0.000207408	314	0.000194576	314	0.000919463
315	0.000734947	315	0.000728357	315	0.00051748	315	-0.000181048	315	0.00051748	315	0.000220935	315	0.000187986	315	0.00116329
316	0.000365913	316	0.000603149	316	0.000649278	316	-0.000227177	316	0.000451581	316	0.000978772	316	8.25475E-5	316	0.00167071
317	0.000761306	317	0.000715177	317	0.000464761	317	1.00587E-5	317	0.00174979	317	0.00140053	317	0.00051089	317	0.00205292
318	0.000866744	318	0.000609739	318	0.000563609	318	-0.000167868	318	0.0022638	318	0.00171025	318	0.000385682	318	0.00175638
319	0.000879924	319	0.000682227	319	0.000491121	319	-0.000240357	319	0.00221108	319	0.00151914	319	0.000392272	319	0.00215177
320	0.00052407	320	0.000629508	320	0.000425222	320	-0.000385335	320	0.00232311	320	0.00167071	320	0.000484531	320	0.00246809
321	0.000701997	321	0.000669048	321	0.000405452	321	-0.000326026	321	0.00225062	321	0.00174979	321	0.000576789	321	0.00223085
322	0.000695407	322	0.000642688	322	0.000359323	322	-0.000405104	322	0.00219131	322	0.00146642	322	0.000326373	322	0.00238242
323	0.000800845	323	0.000761306	323	0.000451581	323	-0.000319436	323	0.00252081	323	0.00163776	323	0.00053725	323	0.00236265
324	0.000629508	324	0.000306604	324	0.000379093	324	-0.000444644	324	0.00249445	324	0.00156527	324	0.000603149	324	0.00229675
325	0.000669048	325	0.000767896	325	0.000385682	325	-0.000312846	325	0.00244173	325	0.00176956	325	0.000563609	325	0.0023297
326	0.000688817	326	0.000767896	326	0.000174806	326	-0.000273307	326	0.00261307	326	0.00161799	326	0.00054384	326	0.00230334
327	0.000754716	327	0.000800845	327	0.000319784	327	-9.53795E-5	327	0.00266578	327	0.00183546	327	0.000642688	327	0.0024615
328	0.000662458	328	0.000879924	328	0.000293424	328	-0.000299666	328	0.00270532	328	0.0014796	328	0.000412042	328	0.00221767
329	0.000688817	329	0.000853565	329	0.000326373	329	-0.000358975	329	0.00274486	329	0.00182887	329	0.000728357	329	0.00252081
330	0.000734947	330	0.000833795	330	0.000214345	330	-0.000220587	330	0.00312049	330	0.00173002	330	0.000576789	330	0.00241537
331	0.000695407	331	0.000807435	331	0.000280244	331	-0.000260127	331	0.00309413	331	0.00188818	331	0.000748126	331	0.0025274
332	0.000669048	332	0.00100513	332	0.000187986	332	-0.000431464	332	0.0027844	332	0.00171684	332	0.000616329	332	0.00244832
333	0.000728357	333	0.000814025	333	0.000293424	333	-0.000411694	333	0.00282394	333	0.00203315	333	0.000761306	333	0.00266578
334	0.00051748	334	0.000662458	334	0.000234115	334	-0.000451234	334	0.00329841	334	0.00215177	334	0.000741536	334	0.00246809
335	0.000748126	335	0.000794256	335	0.000326373	335	-0.000431464	335	0.0032391	335	0.00190795	335	0.000800845	335	0.00256694
336	0.000629508	336	0.000787666	336	0.000247295	336	-0.000477593	336	0.00328523	336	0.00183546	336	0.000833795	336	0.0026526
337	0.000721767	337	0.000741536	337	0.000319784	337	-0.000358975	337	0.00329841	337	0.00210564	337	0.000873334	337	0.00275804
338	0.000622918	338	0.000748126	338	0.000253885	338	-0.000312846	338	0.00356201	338	0.00219131	338	0.000734947	338	0.00274486
339	0.000748126	339	0.000767896	339	0.000365913	339	-0.000167868	339	0.00377289	339	0.0023297	339	0.00109739	339	0.00304141
340	0.000418632	340	0.000781076	340	0.000273654	340	-0.000187638	340	0.00389809	340	0.00221767	340	0.00101172	340	0.00304141
341	0.000688817	341	0.000774486	341	0.000359323	341	-0.000266717	341	0.00486022	341	0.00244832	341	0.00126873	341	0.00294256
342	0.000761306	342	0.000748126	342	0.000313194	342	-0.000260127	342	0.00437916	342	0.00223744	342	0.000972183	342	0.00283712
343	0.000708587	343	0.000794256	343	0.000365913	343	-0.000207408	343	0.00401671	343	0.00254717	343	0.00137417	343	0.00321934
344	0.000629508	344	0.000774486	344	0.000300014	344	-0.000260127	344	0.00431985	344	0.00253399	344	0.00124237	344	0.00315344
345	0.000767896	345	0.000820615	345	0.000425222	345	-0.000233767	345	0.00466252	345	0.0027844	345	0.00155209	345	0.00320616
346	0.000734947	346	0.000952413	346	0.000576789	346	-0.000253537	346	0.00508427	346	0.0023297	346	0.00138735	346	0.0031798
347	0.000715177	347	0.000800845	347	0.000405452	347	-0.000174458	347	0.00485363	347	0.00281076	347	0.00169707	347	0.00339726
348	0.000701997	348	0.000761306	348	0.000247295	348	-0.000286486	348	0.00528856	348	0.00283712	348	0.00172343	348	0.00333136
349	0.000701997	349	0.000833795	349	0.000405452	349	-6.90199E-5	349	0.00501838	349	0.00307436	349	0.00184205	349	0.00357519
350	0.000675638	350	0.000906284	350	0.000398862	350	-0.000398514	350	0.00542036	350	0.00252081	350	0.0016114	350	0.00326546
351	0.000728357	351	0.000840385	351	0.000398862	351	-0.000260127	351	0.00489317	351	0.00295574	351	0.00202656	351	0.00343021
352	0.000649278	352	0.000721767	352	0.000293424	352	-0.000339205	352	0.00534787	352	0.00281076	352	0.00209905	352	0.00354224
353	0.000596559	353	0.000840385	353	0.000425222	353	-0.000233767	353	0.00540059	353	0.00314026	353	0.002132	353	0.00380584
354	0.000688817	354	0.00130827	354	0.000339553	354	-0.000306256	354	0.00587506	354	0.00290961	354	0.00199362	354	0.00379925
355	0.000761306	355	0.000794256	355	0.000405452	355	-0.000227177	355	0.00554557	355	0.00309413	355	0.00240219	355	0.00379925
356	0.000622918	356	0.000695407	356	0.000293424	356	-0.000220587	356	0.00573008	356	0.00282394	356	0.0020661	356	0.00364768
357	0.000734947	357	0.000814025	357	0.000332963	357	-0.000332616	357	0.00567077	357	0.00321275	357	0.00254058	357	0.00387173
358	0.000636098	358	0.000774486	358	0.000359323	358	-0.000339205	358	0.00567077	358	0.00340385	358	0.00220449	358	0.00397717
359	0.000715177	359	0.000827205	359	0.000412042	359	-0.000161278	359	0.00574326	359	0.00335113	359	0.00250104	359	0.00417487
360	0.000583379	360	0.000715177	360	0.000280244	360	-0.000266717	360	0.00600686	360	0.00331159	360	0.00218472	360	0.00429349
361	0.000774486	361	0.000853565	361	0.000359323	361	-0.000227177	361	0.00620456	361	0.00336431	361	0.00274486	361	0.00429349
362	0.000721767	362	0.000919463	362	0.000346143	362	-0.000220587	362	0.00653405	362	0.00304141	362	0.00249445	362	0.0038915
363	0.000682227	363	0.000846975	363	0.000365913	363	-0.000260127	363	0.00561147	363	0.00341703	363	0.00292279	363	0.00420123
364	0.00055702	364	0.000814025	364	0.000234115	364	-0.000306256	364	0.00536105	364	0.00337749	364	0.00243514	364	0.00433962
365	0.000734947	365	0.000860154	365	0.000379093	365	-0.000398514	365	0.00611889	365	0.00354883	365	0.00288984	365	0.00459003
366	0.000655868	366	0.000734947	366	0.000286834	366	-0.000352385	366	0.00641543	366	0.00352906	366	0.0027844	366	0.00421441
367	0.000701997	367	0.000879924	367	0.000332963	367	-0.000253537	367	0.00639566	367	0.00341044	367	0.00315344	367	0.00443187
368	0.000622918	368	0.00101172	368	0.000300014	368	-0.000220587	368	0.00617161	368	0.00314026	368	0.00275804	368	0.0044187
369	0.000721767	369	0.000893104	369	0.000451581	369	-0.000200818	369	0.00584211	369	0.00336431	369	0.00345657	369	0.0046757
370	0.000669048	370	0.00106444	370	0.000339553	370	-0.000457823	370	0.00642861	370	0.00314685	370	0.00288984	370	0.00471524
371	0.000669048	371	0.000906284	371	0.000398862	371	-0.000213998	371	0.0058487	371	0.00339067	371	0.00331159	371	0.00391127
372	0.000603149	372	0.000379093	372	0.000398862	372	-0.000418284	372	0.00712714	372	0.00302164	372	0.00364109	372	0.00512381
373	0.00052407	373	0.000853565	373	0.000385682	373	-0.000332616	373	0.00638907	373	0.00335772	373	0.00354224	373	0.00534787
374	0.000563609	374	0.00053725	374	0.000267064	374	-0.000405104	374	0.00634294	374	0.00312708	374	0.00348293	374	0.00567736
375	0.000728357	375	0.000827205	375	0.000405452	375	-0.000332616	375	0.00689649	375	0.00348952	375	0.00385855	375	0.00540059
376	0.000596559	376	0.000807435	376	0.000425222	376	-0.000352385	376	0.00650769	376	0.00310731	376	0.00414851	376	0.0055258
377	0.000649278	377	0.000886514	377	0.000418632	377	-0.000319436	377	0.00654064	377	0.00345657	377	0.00412874	377	0.0061123
378	0.000642688	378	0.000919463	378	0.00052407	378	-0.000431464	378	0.00699534	378	0.00372676	378	0.00457685	378	0.00624409
379	0.000636098	379	0.000893104	379	0.000431812	379	-0.000326026	379	0.006567	379	0.00339067	379	0.00377948	379	0.00588824
380	0.00051748	380	0.000893104	380	6.93677E-5	380	-0.000411694	380	0.00698875	380	0.00333136	380	0.00362791	380	0.00639566
381	0.000636098	381	0.000906284	381	0.000339553	381	-0.000536902	381	0.00675811	381	0.0032391	381	0.00484045	381	0.00594096
382	0.000609739	382	0.000669048	382	0.000227525	382	-0.000372155	382	0.00686354	382	0.003048	382	0.00406943	382	0.00563782
383	0.000701997	383	0.000919463	383	0.000260475	383	-0.000266717	383	0.00690967	383	0.00320616	383	0.00493271	383	0.00573008
384	0.000576789	384	0.000814025	384	8.91374E-5	384	-0.000484183	384	0.00550603	384	0.0031798	384	0.00350929	384	0.00699534
385	0.000688817	385	0.000919463	385	0.000253885	385	-0.000372155	385	0.00680424	385	0.00325228	385	0.00513699	385	0.00682401
386	0.00053725	386	0.000985362	386	0.000102317	386	-0.000352385	386	0.0078059	386	0.00320616	386	0.00418805	386	0.00681083
387	0.000596559	387	0.000912874	387	0.000201166	387	-0.000352385	387	0.00683718	387	0.00285689	387	0.0051304	387	0.00625068
388	0.000589969	388	0.000616329	388	0.000102317	388	-0.000451234	388	0.00639566	388	0.00277781	388	0.00412874	388	0.00714691
389	0.000622918	389	0.000932643	389	0.000247295	389	-0.000365565	389	0.00646815	389	0.0032391	389	0.00516994	389	0.00632317
390	0.00054384	390	0.000926053	390	0.000102317	390	-0.000391925	390	0.0064352	390	0.003305	390	0.00300187	390	0.00711396
391	0.000629508	391	0.000926053	391	0.000168216	391	-0.000358975	391	0.00627045	391	0.003048	391	0.00486681	391	0.00658677
392	0.000603149	392	0.000774486	392	0.000174806	392	-0.000213998	392	0.006567	392	0.00285689	392	0.00492612	392	0.00710737
393	0.000609739	393	0.000932643	393	0.000253885	393	-0.000398514	393	0.00633635	393	0.00309413	393	0.00518971	393	0.00687013
394	0.000708587	394	0.000926053	394	0.000201166	394	-0.000451234	394	0.00678447	394	0.00326546	394	0.00457026	394	0.00750276
395	0.000649278	395	0.000919463	395	0.000240705	395	-0.000306256	395	0.00574326	395	0.00300846	395	0.00475478	395	0.00678447
396	0.000425222	396	0.00104467	396	0.000293424	396	-0.000358975	396	0.00615184	396	0.00300187	396	0.00548626	396	0.00689649
397	0.000662458	397	0.000939233	397	0.000267064	397	-0.000358975	397	0.0068306	397	0.0031139	397	0.00511063	397	0.00702829
398	0.000655868	398	0.000701997	398	0.000187986	398	-0.000464413	398	0.00629681	398	0.00210564	398	0.00491294	398	0.00694921
399	0.000636098	399	0.000873334	399	0.000253885	399	-0.000345795	399	0.00660654	399	0.00296233	399	0.00493271	399	0.00696239
400	0.000497711	400	0.000570199	400	-3.12105E-6	400	-0.000457823	400	0.006567	400	0.00286348	400	0.00453072	400	0.00725235
401	0.000616329	401	0.000932643	401	0.000332963	401	-0.000332616	401	0.00617161	401	0.00320616	401	0.00521607	401	0.00668562
402	0.000616329	402	0.000748126	402	0.000385682	402	-0.000385335	402	0.0072194	402	0.00267237	402	0.00536764	402	0.00685695
403	0.000669048	403	0.000926053	403	0.000326373	403	-8.21997E-5	403	0.00662631	403	0.003048	403	0.00515017	403	0.00691626
404	0.000583379	404	0.000998542	404	0.000187986	404	-0.000424874	404	0.00647474	404	0.00313367	404	0.0041551	404	0.00758843
405	0.00053725	405	0.000912874	405	0.000306604	405	-0.000471003	405	0.00638248	405	0.00302823	405	0.00457026	405	0.0078059
406	0.00051748	406	0.000814025	406	0.000332963	406	-0.000438054	406	0.00693603	406	0.00324569	406	0.00565759	406	0.00692944
407	0.000675638	407	0.000906284	407	0.000352733	407	-0.000339205	407	0.00629022	407	0.00312049	407	0.00489317	407	0.00681083
408	0.000603149	408	0.000293424	408	0.000286834	408	-0.000438054	408	0.00642202	408	0.00238901	408	0.00484704	408	0.00685036
409	0.000636098	409	0.000906284	409	0.000346143	409	-0.000339205	409	0.0067647	409	0.00331159	409	0.00469547	409	0.00652087
410	0.000497711	410	0.000952413	410	0.000293424	410	-0.000372155	410	0.0067647	410	0.00331818	410	0.00493271	410	0.00724576
411	0.000603149	411	0.000912874	411	0.000365913	411	-0.000312846	411	0.00600027	411	0.00314685	411	0.00405625	411	0.00667244
412	0.000728357	412	0.00104467	412	0.00052407	412	-0.000378745	412	0.00687013	412	0.00314026	412	0.00484704	412	0.00689649
413	0.000609739	413	0.000906284	413	0.000405452	413	-0.000312846	413	0.00685036	413	0.00304141	413	0.00529515	413	0.00685036
414	0.000662458	414	0.00121601	414	0.000273654	414	-0.000319436	414	0.0066988	414	0.00368063	414	0.00493271	414	0.00756866
415	0.000629508	415	0.000932643	415	0.000444991	415	-0.000260127	415	0.0063034	415	0.00318639	415	0.00497225	415	0.00700193
416	0.000807435	416	0.00115011	416	0.000471351	416	-0.000358975	416	0.00704806	416	0.00341044	416	0.00481409	416	0.00621774
417	0.000741536	417	0.000972183	417	0.000477941	417	-0.000246947	417	0.00621774	417	0.00316662	417	0.00509745	417	0.00597391
418	0.000655868	418	0.000603149	418	0.000438402	418	-0.000391925	418	0.00641543	418	0.00315344	418	0.00512381	418	0.00702829
419	0.000596559	419	0.000985362	419	0.00051748	419	-0.000246947	419	0.00634294	419	0.00324569	419	0.00488658	419	0.00629681
420	0.000662458	420	0.00131486	420	0.000451581	420	-0.000358975	420	0.00692944	420	0.00298869	420	0.00501838	420	0.00669221
421	0.000642688	421	0.000985362	421	0.000576789	421	-0.000306256	421	0.00633635	421	0.00308095	421	0.00488658	421	0.00583552
422	0.000741536	422	0.00118306	422	0.000425222	422	-0.000358975	422	0.00638907	422	0.00316003	422	0.00537423	422	0.00664608
423	0.000675638	423	0.00101172	423	0.00051089	423	-0.000306256	423	0.00596732	423	0.00324569	423	0.00516335	423	0.00592778
424	0.000715177	424	0.00111057	424	0.000418632	424	-0.000299666	424	0.00642202	424	0.00338408	424	0.00524243	424	0.00675811
425	0.000642688	425	0.00100513	425	0.00053725	425	-0.000253537	425	0.00596073	425	0.00317321	425	0.0050645	425	0.00592119
426	0.000649278	426	0.00120942	426	0.000477941	426	-0.000378745	426	0.0062375	426	0.00339726	426	0.00509745	426	0.00666585
427	0.000662458	427	0.00100513	427	0.00054384	427	-0.000286486	427	0.00717327	427	0.0032391	427	0.00536764	427	0.00631658
428	0.000715177	428	0.00123578	428	0.000497711	428	-0.000306256	428	0.00645497	428	0.00338408	428	0.00492612	428	0.00658018
429	0.000655868	429	0.00103808	429	0.00055043	429	-0.000266717	429	0.00572349	429	0.00319957	429	0.00516335	429	0.00697557
430	0.000814025	430	0.00115011	430	0.000451581	430	-0.000319436	430	0.00578939	430	0.0027844	430	0.00516335	430	0.00628363
431	0.000860154	431	0.00103808	431	0.000576789	431	-0.000233767	431	0.00632976	431	0.00302164	431	0.00545331	431	0.00719963
432	0.000715177	432	0.000952413	432	0.000372503	432	-0.000286486	432	0.00601345	432	0.00305459	432	0.00555216	432	0.00577621
433	0.000807435	433	0.00103808	433	0.000570199	433	-0.000266717	433	0.00597391	433	0.00326546	433	0.00537423	433	0.00729848
434	0.000748126	434	0.00111057	434	0.00054384	434	-0.000345795	434	0.00554557	434	0.00319957	434	0.00424077	434	0.0059146
435	0.000879924	435	0.00105126	435	0.000596559	435	-0.000345795	435	0.00595414	435	0.00316003	435	0.00530833	435	0.00667903
436	0.000701997	436	0.000873334	436	0.00055702	436	-0.000306256	436	0.00573008	436	0.00298869	436	0.00544013	436	0.00590801
437	0.000748126	437	0.00107103	437	0.000589969	437	-0.000352385	437	0.00588824	437	0.00317321	437	0.00563123	437	0.00777295
438	0.00053066	438	0.00100513	438	0.000491121	438	-0.000398514	438	0.00567736	438	0.003048	438	0.00564441	438	0.00661313
439	0.000787666	439	0.0010908	439	0.000596559	439	-0.000418284	439	0.00594755	439	0.00307436	439	0.00553239	439	0.00678447
440	0.0005043	440	0.00109739	440	0.000603149	440	-0.000477593	440	0.00580916	440	0.00248127	440	0.00609253	440	0.00674493
441	0.000734947	441	0.00110398	441	0.000603149	441	-0.000299666	441	0.00548626	441	0.00294256	441	0.0060464	441	0.00682401
442	0.000675638	442	0.00111057	442	0.00055702	442	-0.000418284	442	0.00509086	442	0.00360155	442	0.00616502	442	0.00763456
443	0.000754716	443	0.00112375	443	0.000596559	443	-0.000273307	443	0.00556534	443	0.0032391	443	0.0068899	443	0.00687672
444	0.000774486	444	0.000965593	444	0.000715177	444	-0.000345795	444	0.00531492	444	0.00255376	444	0.00627045	444	0.00725235
445	0.000807435	445	0.00113034	445	0.000603149	445	-0.000148099	445	0.00518971	445	0.00296892	445	0.0068306	445	0.00708101
446	0.000853565	446	0.00109739	446	0.000458171	446	-0.000398514	446	0.00482727	446	0.00269873	446	0.00621115	446	0.00822765
447	0.000721767	447	0.00116329	447	0.00055043	447	-0.000339205	447	0.00494589	447	0.00300846	447	0.00700852	447	0.00821447
448	0.000715177	448	0.0010249	448	0.000491121	448	-0.000293076	448	0.00540059	448	0.00244173	448	0.00720622	448	0.0076741
449	0.000800845	449	0.00118306	449	0.00053066	449	-0.000266717	449	0.00509745	449	0.00279758	449	0.00764774	449	0.00725235
450	0.000952413	450	0.000800845	450	0.0005043	450	-0.000405104	450	0.00446482	450	0.00192113	450	0.0072194	450	0.00754889
451	0.000794256	451	0.00115011	451	0.00055702	451	-0.000299666	451	0.0046757	451	0.00273827	451	0.00772023	451	0.00746322
452	0.000649278	452	0.000952413	452	0.000431812	452	-0.000345795	452	0.00416828	452	0.0027185	452	0.00762138	452	0.00807608
453	0.000794256	453	0.000978772	453	0.00053066	453	-0.000273307	453	0.00444505	453	0.00264601	453	0.00749617	453	0.00766092
454	0.000701997	454	0.000919463	454	0.000622918	454	-0.000438054	454	0.0043528	454	0.00281735	454	0.00789816	454	0.0081947
455	0.000794256	455	0.000972183	455	0.000563609	455	-0.000174458	455	0.00442528	455	0.00256694	455	0.00733802	455	0.00745663
456	0.00051748	456	0.000945823	456	0.000622918	456	-0.000510543	456	0.00416169	456	0.00248786	456	0.00794429	456	0.00782567
457	0.000972183	457	0.000991952	457	0.000576789	457	-0.000543492	457	0.00437916	457	0.00251422	457	0.00808926	457	0.00783885
458	0.000787666	458	0.000860154	458	0.000444991	458	-0.000372155	458	0.00406943	458	0.00253399	458	0.00818811	458	0.00677129
459	0.000860154	459	0.000985362	459	0.000583379	459	-0.000332616	459	0.00418146	459	0.00262624	459	0.00817493	459	0.00890641
460	0.000866744	460	0.00110398	460	0.00051089	460	-0.000372155	460	0.00422759	460	0.00290302	460	0.00766751	460	0.00774659
461	0.000820615	461	0.000998542	461	0.000596559	461	-0.000312846	461	0.00424077	461	0.00245491	461	0.00802337	461	0.00733143
462	0.000893104	462	0.00105785	462	0.000649278	462	-0.000464413	462	0.00434621	462	0.00153232	462	0.00820129	462	0.00803655
463	0.000860154	463	0.000978772	463	0.000636098	463	-0.000372155	463	0.00391127	463	0.00238901	463	0.00704806	463	0.00682401
464	0.000728357	464	0.000814025	464	0.000313194	464	-0.000352385	464	0.00379925	464	0.00184864	464	0.00731825	464	0.00717986
465	0.000912874	465	0.00101831	465	0.000662458	465	-0.000530312	465	0.00390468	465	0.00227698	465	0.00783885	465	0.00704806
466	0.000807435	466	0.000972183	466	0.000682227	466	-0.000451234	466	0.00388491	466	0.00221108	466	0.00799701	466	0.00633635
467	0.000800845	467	0.0010249	467	0.000675638	467	-0.000477593	467	0.00357519	467	0.00186841	467	0.00663949	467	0.00613207
468	0.000820615	468	0.000932643	468	0.000596559	468	-0.000457823	468	0.00293597	468	0.00186182	468	0.00681083	468	0.00627704
469	0.000952413	469	0.00103149	469	0.000662458	469	-0.000365565	469	0.00315344	469	0.00175638	469	0.00665926	469	0.00603322
470	0.000886514	470	0.00051748	470	0.00055043	470	-0.000385335	470	0.00332477	470	0.00116329	470	0.00600686	470	0.00573008
471	0.000912874	471	0.000972183	471	0.000649278	471	-0.000260127	471	0.003305	471	0.00151914	471	0.00654723	471	0.0057828
472	0.000794256	472	0.00101172	472	0.000365913	472	-0.000299666	472	0.003305	472	0.00127532	472	0.00568395	472	0.00542036
473	0.000873334	473	0.000978772	473	0.000636098	473	-0.000286486	473	0.003048	473	0.00126214	473	0.00688331	473	0.00524243
474	0.000820615	474	0.00051089	474	0.00054384	474	-0.000484183	474	0.00353565	474	0.00113693	474	0.00631658	474	0.00522266
475	0.000840385	475	0.000998542	475	0.000589969	475	-0.000174458	475	0.0031798	475	0.00107762	475	0.00525561	475	0.00459662
476	0.000761306	476	0.00101172	476	0.000675638	476	-0.000484183	476	0.00279758	476	0.000754716	476	0.00512381	476	0.00437916
477	0.000959003	477	0.00101172	477	0.000629508	477	-0.000358975	477	0.00293597	477	0.000781076	477	0.00527538	477	0.00400353
478	0.000734947	478	0.000939233	478	0.000491121	478	-0.000457823	478	0.00277781	478	0.000669048	478	0.00495248	478	0.00430667
479	0.000741536	479	0.00103149	479	0.000583379	479	-0.000391925	479	0.00285689	479	0.00053066	479	0.00532151	479	0.00412874
480	0.000781076	480	0.000682227	480	0.000563609	480	-0.000378745	480	0.00292938	480	0.000497711	480	0.00450436	480	0.00398376
481	0.000754716	481	0.00103808	481	0.00055043	481	-0.000299666	481	0.00281735	481	0.000385682	481	0.0048075	481	0.00373335
482	0.000794256	482	0.000860154	482	0.000642688	482	-0.000464413	482	0.00287666	482	0.000220935	482	0.00498543	482	0.00404307
483	0.000682227	483	0.00105126	483	0.000471351	483	-0.000332616	483	0.00275804	483	0.000187986	483	0.00374653	483	0.00320616
484	0.000570199	484	0.000906284	484	0.000471351	484	-0.000471003	484	0.0025933	484	3.46884E-6	484	0.00425395	484	0.00351588
485	0.000748126	485	0.00106444	485	0.000425222	485	-0.000312846	485	0.00275804	485	-2.94806E-5	485	0.00390468	485	0.00282394
486	0.000622918	486	0.000945823	486	0.000280244	486	-0.000411694	486	0.00199362	486	-0.000194228	486	0.00377948	486	0.00309413
487	0.000622918	487	0.00104467	487	0.000352733	487	-0.000391925	487	0.00258012	487	-0.000141509	487	0.00369381	487	0.00307436
488	0.00055043	488	0.000919463	488	0.000306604	488	-0.000299666	488	0.0027844	488	-0.000161278	488	0.00341044	488	0.00250104
489	0.000603149	489	0.000978772	489	0.000201166	489	-0.000326026	489	0.00201339	489	-0.000121739	489	0.00319957	489	0.00220449
490	0.000629508	490	0.000846975	490	-0.000115149	490	-0.000510543	490	0.00198703	490	-0.000319436	490	0.00270532	490	0.00220449
491	0.000629508	491	0.000926053	491	3.46884E-6	491	-0.000372155	491	0.00170366	491	-0.000161278	491	0.00258012	491	0.00191454
492	0.00053066	492	0.000715177	492	-0.000273307	492	-0.000398514	492	0.00151255	492	-0.000260127	492	0.00217154	492	0.0017432
493	0.000649278	493	0.000926053	493	-2.94806E-5	493	-0.000299666	493	0.00144006	493	-0.000194228	493	0.00236924	493	0.00136758
494	0.000662458	494	0.000781076	494	-4.92503E-5	494	-0.000352385	494	0.00136099	494	-0.000227177	494	0.00172343	494	0.00115011
495	0.000622918	495	0.000866744	495	-4.92503E-5	495	-0.000115149	495	0.00124896	495	-0.000200818	495	0.00159163	495	0.000991952
496	0.000583379	496	0.000734947	496	-0.000148099	496	-0.000471003	496	0.00111057	496	-0.000319436	496	0.00126873	496	0.000734947
497	0.000708587	497	0.000853565	497	-4.26604E-5	497	-0.000332616	497	0.00107762	497	-0.000108559	497	0.00136099	497	0.000616329
498	0.000570199	498	0.000800845	498	-3.12105E-6	498	-0.000345795	498	0.00104467	498	-0.000134919	498	0.00119624	498	0.00054384
499	0.000563609	499	0.000846975	499	7.59576E-5	499	-0.000339205	499	0.000985362	499	-0.000174458	499	0.00105785	499	0.00055043
500	0.000444991	500	0.000589969	500	1.00587E-5	500	-0.000431464	500	0.00052407	500	-0.000200818	500	0.000787666	500	0.000458171
501	0.000675638	501	0.000800845	501	6.27778E-5	501	-0.000391925	501	0.000794256	501	-8.21997E-5	501	0.000781076	501	0.00051748
502	0.00054384	502	0.000695407	502	5.6188E-5	502	-0.000457823	502	0.000649278	502	-0.000319436	502	0.000820615	502	0.000589969
503	0.000570199	503	0.000774486	503	0.000187986	503	-0.000345795	503	0.000754716	503	-8.87896E-5	503	0.000642688	503	0.000563609
504	0.000622918	504	0.000721767	504	-8.87896E-5	504	-0.000411694	504	0.000781076	504	-0.000181048	504	0.000767896	504	0.00055702
505	0.000642688	505	0.000814025	505	0.000148446	505	-0.000510543	505	0.000767896	505	-0.000161278	505	0.000800845	505	0.00055702
506	0.000616329	506	0.000669048	506	2.32385E-5	506	-0.000378745	506	0.000721767	506	-0.000233767	506	0.0005043	506	0.000346143
507	0.000603149	507	0.000820615	507	0.000148446	507	-0.000293076	507	0.000767896	507	-0.000128329	507	0.000728357	507	0.00053066
508	0.000662458	508	0.000734947	508	5.6188E-5	508	-0.000490773	508	0.000319784	508	-0.000253537	508	0.000576789	508	0.00054384
509	0.000741536	509	0.000787666	509	0.000168216	509	-0.000391925	509	0.000754716	509	-0.000174458	509	0.000701997	509	0.00051089
510	0.000655868	510	0.000425222	510	0.000108907	510	-0.000391925	510	0.000866744	510	-0.000233767	510	0.000682227	510	0.000497711
511	0.000662458	511	0.000800845	511	0.000102317	511	-0.000345795	511	0.000748126	511	-0.000194228	511	0.000669048	511	0.00055043
512	0.00051748	512	0.00109739	512	0.000135267	512	-0.000484183	512	0.000708587	512	-7.56098E-5	512	0.000748126	512	0.000497711
513	0.000688817	513	0.000781076	513	0.000135267	513	-0.000358975	513	0.000754716	513	-0.000200818	513	0.000669048	513	0.00054384
514	0.000655868	514	0.000464761	514	0.000108907	514	-0.000405104	514	0.000754716	514	-0.000405104	514	0.000734947	514	0.00051748
515	0.000596559	515	0.000833795	515	0.000122087	515	-0.000391925	515	0.000754716	515	-0.000174458	515	0.000754716	515	0.00051089
516	0.00055043	516	0.000761306	516	1.66486E-5	516	-0.000543492	516	0.000767896	516	-0.000273307	516	0.000715177	516	0.000576789
517	0.000629508	517	0.000807435	517	0.000148446	517	-0.000273307	517	0.000748126	517	-0.000187638	517	0.000688817	517	0.00052407
518	0.000392272	518	0.000609739	518	8.91374E-5	518	-0.000471003	518	0.00053066	518	-0.000312846	518	0.000675638	518	0.000484531
519	0.000734947	519	0.000820615	519	0.000108907	519	-0.000405104	519	0.000741536	519	-0.000167868	519	0.000708587	519	0.00051089
520	0.000609739	520	0.000220935	520	4.30082E-5	520	-0.000464413	520	0.000636098	520	-0.000365565	520	0.000688817	520	0.00055702
521	0.000603149	521	0.000800845	521	0.000128677	521	-0.000345795	521	0.000734947	521	-0.000213998	521	0.000708587	521	0.00052407
522	0.000484531	522	0.000708587	522	4.30082E-5	522	-0.000451234	522	0.000774486	522	-0.000378745	522	0.000636098	522	0.000497711
523	0.000655868	523	0.000787666	523	0.000227525	523	-0.000385335	523	0.000734947	523	-0.000174458	523	0.000688817	523	0.00053066
524	0.000616329	524	0.000827205	524	9.57273E-5	524	-0.000438054	524	0.000616329	524	-0.000253537	524	0.000800845	524	0.000477941
525	0.000675638	525	0.000800845	525	0.000128677	525	-0.000391925	525	0.000741536	525	-0.000121739	525	0.000701997	525	0.000563609
526	0.00052407	526	0.000748126	526	0.000115497	526	-0.000484183	526	0.000761306	526	-0.000128329	526	0.000754716	526	0.00052407
527	0.000682227	527	0.000800845	527	0.000148446	527	-0.000299666	527	0.000734947	527	-0.000161278	527	0.000675638	527	0.000477941
528	0.000721767	528	0.000846975	528	0.000115497	528	-0.000352385	528	0.000688817	528	-0.000240357	528	0.000570199	528	0.000471351
529	0.000701997	529	0.000827205	529	0.000122087	529	-0.000233767	529	0.000721767	529	-0.000154689	529	0.000682227	529	0.00054384
530	0.00053725	530	0.000886514	530	0.000102317	530	-0.000240357	530	0.000734947	530	-0.000213998	530	0.000458171	530	0.00051089
531	0.000669048	531	0.000767896	531	0.000148446	531	-0.000306256	531	0.000754716	531	-0.000200818	531	0.000708587	531	0.00054384
532	0.000675638	532	0.00101831	532	9.57273E-5	532	-0.000299666	532	0.000701997	532	-0.000299666	532	0.000570199	532	0.0005043
533	0.000741536	533	0.000833795	533	0.000181396	533	-0.000260127	533	0.000734947	533	-0.000115149	533	0.000695407	533	0.00055702
534	0.000563609	534	0.000675638	534	1.00587E-5	534	-0.000279896	534	0.000748126	534	-0.000233767	534	0.000642688	534	0.000477941
535	0.000675638	535	0.000800845	535	0.000148446	535	-0.000372155	535	0.000741536	535	-0.000154689	535	0.000669048	535	0.00055702
536	0.000583379	536	0.000833795	536	0.000108907	536	-0.000385335	536	0.000649278	536	-0.000194228	536	0.000253885	536	0.00052407
537	0.000695407	537	0.000800845	537	0.000122087	537	-0.000405104	537	0.000734947	537	-0.000141509	537	0.000662458	537	0.000458171
538	0.000589969	538	0.000655868	538	6.93677E-5	538	-0.000253537	538	0.000701997	538	-0.000260127	538	0.000583379	538	0.00053725
539	0.00055702	539	0.000794256	539	0.000141857	539	-0.000365565	539	0.000721767	539	-0.000161278	539	0.000675638	539	0.000570199
540	0.000609739	540	0.000840385	540	3.64183E-5	540	-0.000286486	540	0.000734947	540	-0.000207408	540	0.000458171	540	0.00051089
541	0.000701997	541	0.000787666	541	0.000148446	541	-0.000266717	541	0.000761306	541	-0.000167868	541	0.000669048	541	0.000576789
542	0.000649278	542	0.000860154	542	0.000115497	542	-0.000240357	542	0.000748126	542	-0.000273307	542	0.000576789	542	0.000451581
543	0.000701997	543	0.000827205	543	0.000194576	543	-0.000260127	543	0.000741536	543	-0.000194228	543	0.000701997	543	0.000570199
544	0.000682227	544	0.000708587	544	0.000201166	544	-0.000424874	544	0.000734947	544	-0.000220587	544	0.000662458	544	0.00053066
545	0.000655868	545	0.000820615	545	0.000187986	545	-0.000365565	545	0.000721767	545	-0.000194228	545	0.000708587	545	0.000576789
546	0.00055043	546	0.000438402	546	7.59576E-5	546	-0.000464413	546	0.000800845	546	-0.000260127	546	0.00053066	546	0.00052407
547	0.000708587	547	0.000807435	547	0.000194576	547	-0.000332616	547	0.000741536	547	-0.000154689	547	0.000669048	547	0.000570199
548	0.000629508	548	0.000820615	548	0.000141857	548	-0.000358975	548	0.000603149	548	-0.000233767	548	0.000669048	548	0.000464761
549	0.00054384	549	0.000827205	549	0.000187986	549	-0.000424874	549	0.000754716	549	-0.000181048	549	0.000669048	549	0.000622918
550	0.000662458	550	0.000827205	550	0.000161626	550	-0.000398514	550	0.000392272	550	-0.000233767	550	0.000655868	550	0.0005043
551	0.000781076	551	0.000846975	551	0.000220935	551	-0.000339205	551	0.000767896	551	-0.000154689	551	0.000669048	551	0.00055043
552	0.000655868	552	0.0005043	552	0.000187986	552	-0.000431464	552	0.000807435	552	-0.000227177	552	0.000748126	552	0.000497711
553	0.000649278	553	0.000827205	553	0.000194576	553	-0.000365565	553	0.000728357	553	-0.000207408	553	0.000675638	553	0.000563609
554	0.000603149	554	0.00119624	554	0.000187986	554	-0.000398514	554	0.000675638	554	-0.000128329	554	0.000695407	554	0.00052407
555	0.000682227	555	0.000794256	555	0.000273654	555	-0.000405104	555	0.000741536	555	-0.000161278	555	0.000629508	555	0.000570199
556	0.000688817	556	0.000800845	556	0.000253885	556	-0.000398514	556	0.000774486	556	-0.000240357	556	0.000912874	556	0.0005043
557	0.000682227	557	0.000833795	557	0.000227525	557	-0.000352385	557	0.000741536	557	-0.000128329	557	0.000701997	557	0.000563609
558	0.000629508	558	0.000945823	558	0.000168216	558	-0.000550082	558	0.000741536	558	-0.000154689	558	0.000662458	558	0.000451581
559	0.000622918	559	0.000833795	559	0.000187986	559	-0.000227177	559	0.000728357	559	-0.000148099	559	0.000622918	559	0.000570199
560	0.000385682	560	0.000774486	560	0.000207755	560	-0.000418284	560	0.00055043	560	-0.000200818	560	0.00053725	560	0.00054384
561	0.000629508	561	0.000820615	561	0.000168216	561	-0.000438054	561	0.000734947	561	-0.000121739	561	0.000642688	561	0.000497711
562	0.000728357	562	0.000721767	562	8.91374E-5	562	-0.000438054	562	0.000853565	562	-0.000213998	562	0.000444991	562	0.00053725
563	0.000688817	563	0.000781076	563	0.000141857	563	-0.000332616	563	0.000728357	563	-5.58402E-5	563	0.000662458	563	0.000563609
564	0.000675638	564	0.000959003	564	7.59576E-5	564	-0.000398514	564	0.000708587	564	-0.000233767	564	0.000484531	564	0.0005043
565	0.000622918	565	0.000807435	565	0.000240705	565	-0.000345795	565	0.000728357	565	-0.000207408	565	0.000688817	565	0.00055043
566	0.000563609	566	0.000603149	566	0.000168216	566	-0.000457823	566	0.000497711	566	-0.000194228	566	0.000853565	566	0.000563609
567	0.000767896	567	0.000794256	567	0.000122087	567	-0.000385335	567	0.000748126	567	-0.000161278	567	0.000688817	567	0.00053725
568	0.000675638	568	0.000794256	568	0.000207755	568	-0.000602801	568	0.000662458	568	-0.000167868	568	0.000491121	568	0.000471351
569	0.000649278	569	0.000794256	569	0.000220935	569	-0.000233767	569	0.000754716	569	-0.000121739	569	0.000675638	569	0.0005043
570	0.000412042	570	0.000820615	570	2.98284E-5	570	-0.000352385	570	0.000833795	570	-0.000115149	570	0.000642688	570	0.000616329
571	0.000642688	571	0.000807435	571	9.57273E-5	571	-0.000378745	571	0.000695407	571	-0.000148099	571	0.000669048	571	0.00055702
572	0.000675638	572	0.000649278	572	3.46884E-6	572	-0.000418284	572	0.000734947	572	-0.000299666	572	0.00054384	572	0.000464761
573	0.000629508	573	0.000774486	573	0.000115497	573	-0.000358975	573	0.000721767	573	-0.000174458	573	0.000649278	573	0.00055043
574	0.000767896	574	0.000649278	574	2.32385E-5	574	-0.000365565	574	0.00055702	574	-0.000306256	574	0.000576789	574	0.00053066
575	0.000715177	575	0.000820615	575	0.000155036	575	-0.000352385	575	0.000695407	575	-0.000194228	575	0.000636098	575	0.00055702
576	0.000622918	576	0.000609739	576	0.000122087	576	-0.000398514	576	0.000728357	576	-0.000286486	576	0.000596559	576	0.000444991
577	0.000669048	577	0.000794256	577	7.59576E-5	577	-0.000385335	577	0.000741536	577	-0.000174458	577	0.000616329	577	0.00052407
578	0.000616329	578	0.000748126	578	-7.56098E-5	578	-0.000438054	578	0.000688817	578	-0.000194228	578	0.000431812	578	0.00054384
579	0.000701997	579	0.000774486	579	0.000115497	579	-0.000484183	579	0.000728357	579	-0.000128329	579	0.000649278	579	0.000471351
580	0.000616329	580	0.000715177	580	6.27778E-5	580	-0.000286486	580	0.000846975	580	-0.000167868	580	0.000662458	580	0.000583379
581	0.000616329	581	0.000781076	581	0.000155036	581	-0.000312846	581	0.000734947	581	-0.000121739	581	0.000688817	581	0.000622918
582	0.000741536	582	0.000820615	582	0.000135267	582	-0.000457823	582	0.000794256	582	-0.000115149	582	0.00055702	582	0.00054384
583	0.000695407	583	0.000781076	583	0.000207755	583	-0.000312846	583	0.000754716	583	-0.000141509	583	0.000655868	583	0.000570199
584	0.000682227	584	0.000715177	584	0.000174806	584	-0.000345795	584	0.000655868	584	-0.000207408	584	0.000603149	584	0.000412042
585	0.000761306	585	0.000787666	585	0.000168216	585	-0.000332616	585	0.000741536	585	-0.000154689	585	0.000669048	585	0.00055702
586	0.000642688	586	0.000642688	586	0.000148446	586	-0.000405104	586	0.000412042	586	-0.000128329	586	0.000583379	586	0.000477941
587	0.000721767	587	0.000767896	587	0.000181396	587	-0.000391925	587	0.000688817	587	-0.000181048	587	0.000669048	587	0.0005043
588	0.000464761	588	0.000622918	588	0.000194576	588	-0.000464413	588	0.00055043	588	-0.000220587	588	0.000622918	588	0.000497711
589	0.000622918	589	0.000748126	589	0.000207755	589	-0.000194228	589	0.000734947	589	-0.000134919	589	0.000642688	589	0.00054384
590	0.000721767	590	0.000754716	590	0.000135267	590	-0.000405104	590	0.000734947	590	-0.000194228	590	0.000636098	590	0.000655868
591	0.000563609	591	0.000754716	591	0.000207755	591	-0.000352385	591	0.000741536	591	-0.000181048	591	0.000688817	591	0.000629508
592	0.000695407	592	0.000636098	592	0.000128677	592	-0.000286486	592	0.000932643	592	-0.000260127	592	0.000609739	592	0.00051748
593	0.000701997	593	0.000781076	593	0.000141857	593	-0.000326026	593	0.000741536	593	-0.000181048	593	0.000688817	593	0.00054384
594	0.000761306	594	0.000332963	594	5.6188E-5	594	-0.000418284	594	0.000662458	594	-0.000352385	594	0.000379093	594	0.000484531
595	0.000675638	595	0.000807435	595	0.000194576	595	-0.000345795	595	0.000721767	595	-0.000141509	595	0.000616329	595	0.000583379
596	0.000655868	596	0.000846975	596	0.000102317	596	-0.000385335	596	0.000655868	596	-0.000187638	596	0.000701997	596	0.00051748
597	0.000701997	597	0.000748126	597	0.000141857	597	-0.000365565	597	0.000728357	597	-0.000161278	597	0.000649278	597	0.00053725
598	0.000682227	598	0.000636098	598	0.000260475	598	-0.000424874	598	0.000820615	598	-0.000213998	598	0.000629508	598	0.00051089
599	0.000715177	599	0.000794256	599	0.000148446	599	-0.000326026	599	0.000715177	599	-0.000161278	599	0.00055702	599	0.00051089
600	0.000576789	600	0.000846975	600	0.000161626	600	-0.000431464	600	0.000734947	600	-0.000148099	600	0.000708587	600	0.000649278
601	0.000642688	601	0.000767896	601	0.000207755	601	-0.000424874	601	0.000734947	601	-0.000187638	601	0.000649278	601	0.00055702
602	0.000820615	602	0.000873334	602	0.000155036	602	-0.000398514	602	0.000991952	602	-0.000187638	602	0.000642688	602	0.00051748
603	0.000939233	603	0.000814025	603	0.000161626	603	-0.000260127	603	0.000754716	603	-0.000181048	603	0.000636098	603	0.00055702
604	0.000458171	604	0.000814025	604	0.000161626	604	-0.000556672	604	0.00053725	604	-0.000181048	604	0.000636098	604	0.000497711
605	0.000603149	605	0.000820615	605	0.000220935	605	-0.000286486	605	0.000721767	605	-0.000240357	605	0.000649278	605	0.00055702
606	0.000649278	606	0.00055702	606	-2.94806E-5	606	-0.000378745	606	0.000761306	606	-0.000227177	606	0.00053066	606	0.000477941
607	0.000662458	607	0.000794256	607	0.000227525	607	-0.000319436	607	0.000754716	607	-6.90199E-5	607	0.000662458	607	0.00055043
608	0.000695407	608	0.000695407	608	0.000194576	608	-0.000372155	608	0.000497711	608	-0.000246947	608	0.000721767	608	0.000451581
609	0.000649278	609	0.000794256	609	0.000148446	609	-0.000326026	609	0.000734947	609	-0.000141509	609	0.000669048	609	0.000576789
610	0.000708587	610	0.000675638	610	0.000122087	610	-0.000464413	610	0.000708587	610	-0.000233767	610	0.000372503	610	0.000491121
611	0.000675638	611	0.000827205	611	0.000234115	611	-0.000266717	611	0.000741536	611	-0.000141509	611	0.000622918	611	0.000471351
612	0.000458171	612	0.000576789	612	0.000128677	612	-0.000378745	612	0.000563609	612	-0.000233767	612	0.000622918	612	0.00052407
613	0.000649278	613	0.000794256	613	0.000194576	613	-0.000418284	613	0.000721767	613	-0.000161278	613	0.000636098	613	0.000570199
614	0.000761306	614	0.000787666	614	0.000181396	614	-0.000391925	614	0.000814025	614	-0.000253537	614	0.00053725	614	0.0005043
615	0.000708587	615	0.000781076	615	0.000181396	615	-0.000246947	615	0.000754716	615	-0.000161278	615	0.000649278	615	0.00055043
616	0.000629508	616	0.000675638	616	0.000102317	616	-0.000385335	616	0.000642688	616	-0.000181048	616	0.000596559	616	0.00052407
617	0.000721767	617	0.000827205	617	0.000227525	617	-0.000490773	617	0.000741536	617	-0.000161278	617	0.000616329	617	0.000563609
618	0.000609739	618	0.000682227	618	0.000194576	618	-0.000490773	618	0.000761306	618	-0.000154689	618	0.000708587	618	0.000444991
619	0.000695407	619	0.000787666	619	0.000168216	619	-0.000345795	619	0.000728357	619	-0.000167868	619	0.000603149	619	0.00053066
620	0.000603149	620	0.000708587	620	9.57273E-5	620	-0.000352385	620	0.000629508	620	-0.000273307	620	0.00054384	620	0.00051089
621	0.000662458	621	0.000774486	621	0.000207755	621	-0.000569852	621	0.000734947	621	-0.000220587	621	0.000629508	621	0.00052407
622	0.000675638	622	0.000761306	622	0.000128677	622	-0.000431464	622	0.000761306	622	-0.000273307	622	0.000669048	622	0.00051748
623	0.000814025	623	0.000807435	623	0.000141857	623	-0.000253537	623	0.000715177	623	-0.000148099	623	0.000649278	623	0.000576789
624	0.000701997	624	0.000945823	624	9.57273E-5	624	-0.000418284	624	0.000570199	624	-0.000141509	624	0.000622918	624	0.000477941
625	0.000701997	625	0.000794256	625	0.000181396	625	-0.000293076	625	0.000721767	625	-0.000174458	625	0.000669048	625	0.000576789
626	0.000649278	626	0.000728357	626	0.000102317	626	-0.000345795	626	0.000636098	626	-0.000181048	626	0.00054384	626	0.000444991
627	0.000866744	627	0.000754716	627	0.000161626	627	-0.000352385	627	0.000721767	627	-0.000115149	627	0.000649278	627	0.000563609
628	0.000701997	628	0.000781076	628	0.000135267	628	-0.000332616	628	0.000675638	628	-0.000306256	628	0.000589969	628	0.000319784
629	0.000807435	629	0.000774486	629	0.000181396	629	-0.000385335	629	0.000721767	629	-0.000174458	629	0.000622918	629	0.00054384
630	0.000682227	630	0.000748126	630	0.000148446	630	-0.000398514	630	0.000603149	630	-0.000181048	630	0.000576789	630	0.000392272
631	0.000833795	631	0.000741536	631	0.000194576	631	-0.000312846	631	0.000721767	631	-0.000174458	631	0.000655868	631	0.00052407
632	0.000616329	632	0.000589969	632	0.000102317	632	-0.000378745	632	0.000669048	632	-0.000187638	632	0.000497711	632	0.00051748
633	0.000774486	633	0.000761306	633	0.000181396	633	-0.000411694	633	0.000721767	633	-0.000167868	633	0.000622918	633	0.000583379
634	0.000774486	634	0.000820615	634	0.000148446	634	-0.000299666	634	0.000767896	634	-0.000213998	634	0.000570199	634	0.000313194
635	0.000609739	635	0.000748126	635	0.000194576	635	-0.000306256	635	0.000728357	635	-0.000154689	635	0.000662458	635	0.000622918
636	0.000701997	636	0.000833795	636	6.93677E-5	636	-0.000352385	636	0.000484531	636	-0.000148099	636	0.000563609	636	0.00054384
637	0.000754716	637	0.000794256	637	0.000161626	637	-0.000279896	637	0.000715177	637	-0.000181048	637	0.000675638	637	0.000609739
638	0.000695407	638	0.000721767	638	0.000135267	638	-0.000319436	638	0.000721767	638	-0.000128329	638	0.000603149	638	0.000458171
639	0.000728357	639	0.000741536	639	9.57273E-5	639	-0.000339205	639	0.000728357	639	-0.000154689	639	0.000649278	639	0.000570199
640	0.000655868	640	0.000827205	640	8.25475E-5	640	-0.000306256	640	0.000609739	640	-0.000200818	640	0.000596559	640	0.000444991
641	0.000794256	641	0.000748126	641	0.000214345	641	-0.000312846	641	0.000728357	641	-0.000148099	641	0.000669048	641	0.00055043
642	0.000636098	642	0.000721767	642	8.91374E-5	642	-0.000444644	642	0.000616329	642	-0.000233767	642	0.000622918	642	0.000365913
643	0.000781076	643	0.000748126	643	0.000168216	643	-0.000378745	643	0.000715177	643	-0.000161278	643	0.000636098	643	0.000491121
644	0.000497711	644	0.000675638	644	0.000168216	644	-0.000596211	644	0.000675638	644	-0.000174458	644	0.000622918	644	0.000484531
645	0.00055702	645	0.000734947	645	0.000214345	645	-0.000260127	645	0.000728357	645	-0.000161278	645	0.000642688	645	0.00055702
646	0.00054384	646	0.000701997	646	0.000115497	646	-0.000273307	646	0.000616329	646	-0.000260127	646	0.00053725	646	0.000570199
647	0.000688817	647	0.000688817	647	0.000122087	647	-0.000365565	647	0.000728357	647	-0.000200818	647	0.000596559	647	0.00053725
648	0.000728357	648	0.000669048	648	1.00587E-5	648	-0.000345795	648	0.000741536	648	-0.000391925	648	0.0005043	648	0.000451581
649	0.000695407	649	0.000748126	649	0.000108907	649	-0.000332616	649	0.000728357	649	-0.000181048	649	0.000609739	649	0.00054384
650	0.000715177	650	0.00054384	650	6.27778E-5	650	-0.000418284	650	0.000649278	650	-0.000174458	650	0.00051089	650	0.00055702
651	0.000675638	651	0.000741536	651	0.000102317	651	-0.000352385	651	0.000721767	651	-0.000174458	651	0.000589969	651	0.00053725
652	0.000616329	652	0.000688817	652	-0.000240357	652	-0.000411694	652	0.000721767	652	-0.000213998	652	0.000451581	652	0.00051089
653	0.000642688	653	0.000754716	653	0.000168216	653	-0.000563262	653	0.000708587	653	-0.000161278	653	0.000616329	653	0.00052407
654	0.000662458	654	0.000688817	654	0.000141857	654	-0.000424874	654	0.000781076	654	-0.000148099	654	0.000649278	654	0.000326373
655	0.000761306	655	0.000754716	655	0.000148446	655	-0.000200818	655	0.000708587	655	-0.000121739	655	0.000655868	655	0.00055702
656	0.000616329	656	0.000761306	656	0.000234115	656	-0.000372155	656	0.000827205	656	-0.000128329	656	0.000570199	656	0.000576789
657	0.000655868	657	0.000728357	657	0.000201166	657	-0.000326026	657	0.000721767	657	-0.000148099	657	0.000649278	657	0.00055043
658	0.000576789	658	0.000655868	658	8.91374E-5	658	-0.000411694	658	0.000286834	658	-0.000220587	658	0.00054384	658	0.00051089
