Time - Ch 1	Amplitude - Ch 1	Time - Ch 2	Amplitude - Ch 2	Time - Ch 3	Amplitude - Ch 3	Time - Ch 4	Amplitude - Ch 4	Time - Ch 5	Amplitude - Ch 5	Time - Ch 6	Amplitude - Ch 6	Time - Ch 7	Amplitude - Ch 7	Time - Ch 8	Amplitude - Ch 8
0	0.000622918	0	0.000748126	0	-0.000108559	0	4.95981E-5	0	0.00051089	0	0.000108907	0	0.000253885	0	0.000741536
1	0.000636098	1	0.000728357	1	-0.000121739	1	7.59576E-5	1	0.00051089	1	6.93677E-5	1	0.000234115	1	0.000734947
2	0.000616329	2	0.000734947	2	-9.53795E-5	2	6.93677E-5	2	0.0005043	2	4.95981E-5	2	0.000227525	2	0.000761306
3	0.000662458	3	0.000734947	3	-0.000101969	3	3.64183E-5	3	0.0005043	3	4.95981E-5	3	0.000214345	3	0.000754716
4	0.000662458	4	0.000734947	4	-0.000108559	4	3.46884E-6	4	0.00052407	4	2.32385E-5	4	0.000240705	4	0.000754716
5	0.000629508	5	0.000701997	5	-0.000101969	5	1.00587E-5	5	0.00053066	5	-1.63008E-5	5	0.000220935	5	0.000767896
6	0.000642688	6	0.000734947	6	-8.21997E-5	6	2.98284E-5	6	0.000497711	6	-2.94806E-5	6	0.000240705	6	0.000754716
7	0.000682227	7	0.000721767	7	-8.87896E-5	7	-9.71094E-6	7	0.00051089	7	-3.60705E-5	7	0.000253885	7	0.000761306
8	0.000629508	8	0.000721767	8	-6.90199E-5	8	-1.63008E-5	8	0.00051089	8	-4.92503E-5	8	0.000234115	8	0.000741536
9	0.000688817	9	0.000708587	9	-8.87896E-5	9	8.91374E-5	9	0.000497711	9	-2.28907E-5	9	0.000240705	9	0.000781076
10	0.000649278	10	0.000721767	10	-6.90199E-5	10	4.30082E-5	10	0.00051089	10	-4.92503E-5	10	0.000227525	10	0.000761306
11	0.000669048	11	0.000728357	11	-0.000115149	11	4.30082E-5	11	0.00052407	11	-2.28907E-5	11	0.000234115	11	0.000754716
12	0.000642688	12	0.000734947	12	-0.000101969	12	7.59576E-5	12	0.000491121	12	-6.90199E-5	12	0.000207755	12	0.000741536
13	0.000675638	13	0.000728357	13	-0.000121739	13	6.27778E-5	13	0.000497711	13	-5.58402E-5	13	0.000220935	13	0.000741536
14	0.000662458	14	0.000708587	14	-0.000115149	14	0.000102317	14	0.0005043	14	-1.63008E-5	14	0.000227525	14	0.000734947
15	0.000662458	15	0.000721767	15	-0.000115149	15	0.000155036	15	0.000497711	15	-2.28907E-5	15	0.000201166	15	0.000734947
16	0.000695407	16	0.000708587	16	-9.53795E-5	16	0.000220935	16	0.000497711	16	3.46884E-6	16	0.000194576	16	0.000695407
17	0.000708587	17	0.000701997	17	-8.21997E-5	17	0.000260475	17	0.00051089	17	1.66486E-5	17	0.000247295	17	0.000728357
18	0.000701997	18	0.000728357	18	-9.53795E-5	18	0.000214345	18	0.000471351	18	1.00587E-5	18	0.000214345	18	0.000695407
19	0.000669048	19	0.000741536	19	-8.87896E-5	19	0.000253885	19	0.00055043	19	4.30082E-5	19	0.000207755	19	0.000721767
20	0.000688817	20	0.000741536	20	-0.000128329	20	0.000234115	20	0.000636098	20	4.30082E-5	20	0.000227525	20	0.000655868
21	0.000721767	21	0.000741536	21	-0.000108559	21	0.000227525	21	0.000708587	21	3.64183E-5	21	0.000247295	21	0.000629508
22	0.000721767	22	0.000721767	22	-0.000108559	22	0.000214345	22	0.000748126	22	-9.71094E-6	22	0.000267064	22	0.000629508
23	0.000767896	23	0.000734947	23	-8.21997E-5	23	0.000240705	23	0.000787666	23	-4.26604E-5	23	0.000273654	23	0.000603149
24	0.000708587	24	0.000754716	24	-0.000115149	24	0.000227525	24	0.000800845	24	-2.94806E-5	24	0.000332963	24	0.000583379
25	0.000721767	25	0.000741536	25	-8.87896E-5	25	0.000280244	25	0.000807435	25	-3.60705E-5	25	0.000319784	25	0.000576789
26	0.000701997	26	0.000748126	26	-9.53795E-5	26	0.000201166	26	0.000814025	26	-4.26604E-5	26	0.000313194	26	0.000563609
27	0.000715177	27	0.000734947	27	-0.000108559	27	0.000234115	27	0.000814025	27	-6.90199E-5	27	0.000332963	27	0.000570199
28	0.000721767	28	0.000767896	28	-0.000108559	28	0.000260475	28	0.000787666	28	-7.56098E-5	28	0.000332963	28	0.000570199
29	0.000715177	29	0.000734947	29	-0.000101969	29	0.000227525	29	0.000794256	29	-8.87896E-5	29	0.000313194	29	0.00055043
30	0.000708587	30	0.000734947	30	-8.87896E-5	30	0.000214345	30	0.000787666	30	-7.56098E-5	30	0.000332963	30	0.000563609
31	0.000741536	31	0.000748126	31	-9.53795E-5	31	0.000253885	31	0.000800845	31	-8.21997E-5	31	0.000346143	31	0.00055043
32	0.000675638	32	0.000754716	32	-9.53795E-5	32	0.000240705	32	0.000761306	32	-6.90199E-5	32	0.000319784	32	0.000576789
33	0.000669048	33	0.000741536	33	-9.53795E-5	33	0.000260475	33	0.000787666	33	-9.53795E-5	33	0.000332963	33	0.000570199
34	0.000715177	34	0.000748126	34	-0.000101969	34	0.000240705	34	0.000774486	34	-0.000115149	34	0.000352733	34	0.000583379
35	0.000695407	35	0.000741536	35	-7.56098E-5	35	0.000234115	35	0.000781076	35	-0.000108559	35	0.000352733	35	0.00055043
36	0.000675638	36	0.000754716	36	-0.000108559	36	0.000234115	36	0.000787666	36	-0.000134919	36	0.000306604	36	0.00055702
37	0.000741536	37	0.000734947	37	-9.53795E-5	37	0.000267064	37	0.000781076	37	-0.000141509	37	0.000346143	37	0.000570199
38	0.000721767	38	0.000748126	38	-0.000101969	38	0.000220935	38	0.000767896	38	-0.000167868	38	0.000352733	38	0.000570199
39	0.000715177	39	0.000734947	39	-9.53795E-5	39	0.000273654	39	0.000754716	39	-0.000167868	39	0.000359323	39	0.000596559
40	0.000688817	40	0.000748126	40	-8.21997E-5	40	0.000240705	40	0.000748126	40	-0.000187638	40	0.000346143	40	0.00055702
41	0.000761306	41	0.000741536	41	-7.56098E-5	41	0.000280244	41	0.000741536	41	-0.000167868	41	0.000332963	41	0.00055043
42	0.000734947	42	0.000748126	42	-8.21997E-5	42	0.000240705	42	0.000741536	42	-0.000194228	42	0.000352733	42	0.000570199
43	0.000715177	43	0.000741536	43	-6.90199E-5	43	0.000227525	43	0.000761306	43	-0.000181048	43	0.000313194	43	0.000570199
44	0.000721767	44	0.000734947	44	-0.000108559	44	0.000247295	44	0.000754716	44	-0.000148099	44	0.000346143	44	0.000576789
45	0.000708587	45	0.000734947	45	-0.000108559	45	0.000227525	45	0.000761306	45	-0.000154689	45	0.000339553	45	0.000563609
46	0.000695407	46	0.000741536	46	-8.87896E-5	46	0.000220935	46	0.000761306	46	-0.000154689	46	0.000359323	46	0.000583379
47	0.000721767	47	0.000734947	47	-9.53795E-5	47	0.000253885	47	0.000754716	47	-0.000154689	47	0.000359323	47	0.000570199
48	0.000715177	48	0.000748126	48	-0.000101969	48	0.000260475	48	0.000761306	48	-0.000161278	48	0.000332963	48	0.000576789
49	0.000728357	49	0.000741536	49	-8.87896E-5	49	0.000247295	49	0.000754716	49	-0.000181048	49	0.000352733	49	0.00055702
50	0.000715177	50	0.000748126	50	-7.56098E-5	50	0.000181396	50	0.000741536	50	-0.000128329	50	0.000332963	50	0.000563609
51	0.000734947	51	0.000701997	51	-8.21997E-5	51	0.000240705	51	0.000761306	51	-0.000161278	51	0.000339553	51	0.000576789
52	0.000695407	52	0.000748126	52	-8.21997E-5	52	0.000240705	52	0.000774486	52	-0.000141509	52	0.000332963	52	0.000576789
53	0.000715177	53	0.000728357	53	-9.53795E-5	53	0.000253885	53	0.000767896	53	-0.000154689	53	0.000339553	53	0.000576789
54	0.000728357	54	0.000728357	54	-9.53795E-5	54	0.000220935	54	0.000767896	54	-0.000141509	54	0.000372503	54	0.000570199
55	0.000715177	55	0.000728357	55	-0.000108559	55	0.000174806	55	0.000774486	55	-0.000174458	55	0.000326373	55	0.000563609
56	0.000682227	56	0.000734947	56	-0.000115149	56	0.000234115	56	0.000767896	56	-0.000154689	56	0.000352733	56	0.000570199
57	0.000741536	57	0.000728357	57	-9.53795E-5	57	0.000260475	57	0.000767896	57	-0.000174458	57	0.000346143	57	0.00055702
58	0.000695407	58	0.000721767	58	-9.53795E-5	58	0.000220935	58	0.000761306	58	-0.000154689	58	0.000346143	58	0.000589969
59	0.000708587	59	0.000721767	59	-0.000108559	59	0.000253885	59	0.000754716	59	-0.000161278	59	0.000346143	59	0.000589969
60	0.000708587	60	0.000748126	60	-8.21997E-5	60	0.000214345	60	0.000774486	60	-0.000181048	60	0.000332963	60	0.00055702
61	0.000721767	61	0.000728357	61	-9.53795E-5	61	0.000214345	61	0.000761306	61	-0.000187638	61	0.000286834	61	0.000563609
62	0.000721767	62	0.000741536	62	-0.000101969	62	0.000207755	62	0.000754716	62	-0.000167868	62	0.000346143	62	0.000576789
63	0.000701997	63	0.000748126	63	-0.000101969	63	0.000234115	63	0.000741536	63	-0.000181048	63	0.000332963	63	0.000563609
64	0.000701997	64	0.000715177	64	-0.000101969	64	0.000214345	64	0.000748126	64	-0.000174458	64	0.000332963	64	0.000563609
65	0.000728357	65	0.000734947	65	-8.21997E-5	65	0.000220935	65	0.000761306	65	-0.000154689	65	0.000346143	65	0.00055702
66	0.000754716	66	0.000715177	66	-8.87896E-5	66	0.000240705	66	0.000754716	66	-0.000187638	66	0.000332963	66	0.00055702
67	0.000715177	67	0.000734947	67	-9.53795E-5	67	0.000267064	67	0.000754716	67	-0.000187638	67	0.000359323	67	0.000576789
68	0.000688817	68	0.000728357	68	-0.000108559	68	0.000187986	68	0.000754716	68	-0.000194228	68	0.000359323	68	0.00055043
69	0.000701997	69	0.000748126	69	-9.53795E-5	69	0.000240705	69	0.000774486	69	-0.000194228	69	0.000346143	69	0.000583379
70	0.000695407	70	0.000728357	70	-9.53795E-5	70	0.000194576	70	0.000761306	70	-0.000161278	70	0.000332963	70	0.000570199
71	0.000701997	71	0.000721767	71	-0.000101969	71	0.000227525	71	0.000741536	71	-0.000187638	71	0.000346143	71	0.00055702
72	0.000701997	72	0.000728357	72	-0.000108559	72	0.000234115	72	0.000767896	72	-0.000181048	72	0.000346143	72	0.000583379
73	0.000688817	73	0.000761306	73	-7.56098E-5	73	0.000240705	73	0.000774486	73	-0.000181048	73	0.000365913	73	0.000589969
74	0.000701997	74	0.000748126	74	-0.000115149	74	0.000155036	74	0.000728357	74	-0.000194228	74	0.000339553	74	0.000563609
75	0.000734947	75	0.000721767	75	-0.000115149	75	0.000227525	75	0.000748126	75	-0.000187638	75	0.000332963	75	0.00055702
76	0.000695407	76	0.000728357	76	-0.000108559	76	0.000155036	76	0.000754716	76	-0.000187638	76	0.000332963	76	0.000570199
77	0.000688817	77	0.000741536	77	-8.21997E-5	77	0.000227525	77	0.000748126	77	-0.000181048	77	0.000346143	77	0.000589969
78	0.000701997	78	0.000741536	78	-9.53795E-5	78	0.000220935	78	0.000728357	78	-0.000161278	78	0.000359323	78	0.000576789
79	0.000715177	79	0.000734947	79	-8.87896E-5	79	0.000234115	79	0.000761306	79	-0.000213998	79	0.000359323	79	0.000583379
80	0.000708587	80	0.000761306	80	-0.000101969	80	0.000227525	80	0.000734947	80	-0.000161278	80	0.000352733	80	0.00055702
81	0.000721767	81	0.000734947	81	-8.87896E-5	81	0.000253885	81	0.000761306	81	-0.000174458	81	0.000346143	81	0.000576789
82	0.000682227	82	0.000734947	82	-8.87896E-5	82	0.000214345	82	0.000754716	82	-0.000154689	82	0.000346143	82	0.000576789
83	0.000701997	83	0.000734947	83	-8.21997E-5	83	0.000227525	83	0.000774486	83	-0.000187638	83	0.000332963	83	0.000576789
84	0.000695407	84	0.000721767	84	-9.53795E-5	84	0.000214345	84	0.000781076	84	-0.000161278	84	0.000352733	84	0.000576789
85	0.000695407	85	0.000741536	85	-9.53795E-5	85	0.000234115	85	0.000754716	85	-0.000134919	85	0.000332963	85	0.000589969
86	0.000695407	86	0.000728357	86	-0.000101969	86	0.000207755	86	0.000754716	86	-0.000154689	86	0.000346143	86	0.00055702
87	0.000748126	87	0.000721767	87	-8.21997E-5	87	0.000227525	87	0.000767896	87	-0.000141509	87	0.000339553	87	0.00055702
88	0.000715177	88	0.000728357	88	-9.53795E-5	88	0.000227525	88	0.000787666	88	-0.000134919	88	0.000346143	88	0.000576789
89	0.000721767	89	0.000721767	89	-8.87896E-5	89	0.000214345	89	0.000781076	89	-0.000108559	89	0.000326373	89	0.000563609
90	0.000695407	90	0.000734947	90	-9.53795E-5	90	0.000187986	90	0.000767896	90	-9.53795E-5	90	0.000339553	90	0.000576789
91	0.000688817	91	0.000741536	91	-9.53795E-5	91	0.000227525	91	0.000781076	91	-9.53795E-5	91	0.000346143	91	0.000576789
92	0.000715177	92	0.000728357	92	-0.000108559	92	0.000234115	92	0.000800845	92	-6.90199E-5	92	0.000319784	92	0.000576789
93	0.000688817	93	0.000721767	93	-0.000108559	93	0.000194576	93	0.000781076	93	-5.58402E-5	93	0.000332963	93	0.000570199
94	0.000682227	94	0.000721767	94	-0.000101969	94	0.000207755	94	0.000787666	94	-5.58402E-5	94	0.000359323	94	0.00055702
95	0.000701997	95	0.000741536	95	-9.53795E-5	95	0.000227525	95	0.000807435	95	-6.90199E-5	95	0.000332963	95	0.000563609
96	0.000695407	96	0.000734947	96	-0.000101969	96	0.000234115	96	0.000800845	96	-5.58402E-5	96	0.000326373	96	0.000583379
97	0.000682227	97	0.000741536	97	-9.53795E-5	97	0.000260475	97	0.000754716	97	-4.92503E-5	97	0.000332963	97	0.000576789
98	0.000715177	98	0.000721767	98	-0.000121739	98	0.000234115	98	0.000807435	98	-1.63008E-5	98	0.000332963	98	0.000576789
99	0.000701997	99	0.000721767	99	-0.000128329	99	0.000227525	99	0.000781076	99	-2.28907E-5	99	0.000339553	99	0.000576789
100	0.000708587	100	0.000728357	100	-0.000108559	100	0.000187986	100	0.000781076	100	-3.12105E-6	100	0.000306604	100	0.000576789
101	0.000708587	101	0.000741536	101	-9.53795E-5	101	0.000214345	101	0.000794256	101	3.46884E-6	101	0.000319784	101	0.000589969
102	0.000708587	102	0.000734947	102	-0.000115149	102	0.000247295	102	0.000827205	102	-3.60705E-5	102	0.000346143	102	0.00055043
103	0.000701997	103	0.000728357	103	-0.000115149	103	0.000207755	103	0.000781076	103	2.32385E-5	103	0.000326373	103	0.000603149
104	0.000701997	104	0.000748126	104	-0.000101969	104	0.000201166	104	0.000774486	104	-1.63008E-5	104	0.000346143	104	0.000589969
105	0.000695407	105	0.000734947	105	-8.21997E-5	105	0.000220935	105	0.000781076	105	-2.94806E-5	105	0.000319784	105	0.000589969
106	0.000695407	106	0.000767896	106	-0.000108559	106	0.000194576	106	0.000781076	106	-3.12105E-6	106	0.000326373	106	0.000576789
107	0.000701997	107	0.000741536	107	-0.000134919	107	0.000234115	107	0.000754716	107	-2.28907E-5	107	0.000326373	107	0.000589969
108	0.000682227	108	0.000748126	108	-0.000101969	108	0.000253885	108	0.000794256	108	-2.94806E-5	108	0.000352733	108	0.000570199
109	0.000721767	109	0.000741536	109	-9.53795E-5	109	0.000227525	109	0.000761306	109	-1.63008E-5	109	0.000346143	109	0.000576789
110	0.000695407	110	0.000734947	110	-8.21997E-5	110	0.000220935	110	0.000787666	110	1.00587E-5	110	0.000332963	110	0.000576789
111	0.000715177	111	0.000748126	111	-8.87896E-5	111	0.000220935	111	0.000748126	111	3.46884E-6	111	0.000339553	111	0.000589969
112	0.000695407	112	0.000728357	112	-0.000101969	112	0.000227525	112	0.000767896	112	2.32385E-5	112	0.000313194	112	0.000583379
113	0.000682227	113	0.000734947	113	-0.000108559	113	0.000234115	113	0.000794256	113	-3.12105E-6	113	0.000326373	113	0.000570199
114	0.000701997	114	0.000728357	114	-0.000108559	114	0.000214345	114	0.000787666	114	2.98284E-5	114	0.000332963	114	0.000596559
115	0.000682227	115	0.000734947	115	-7.56098E-5	115	0.000273654	115	0.000800845	115	1.66486E-5	115	0.000359323	115	0.000583379
116	0.000695407	116	0.000734947	116	-9.53795E-5	116	0.000201166	116	0.000787666	116	2.32385E-5	116	0.000319784	116	0.000596559
117	0.000708587	117	0.000741536	117	-0.000121739	117	0.000260475	117	0.000814025	117	6.27778E-5	117	0.000339553	117	0.000589969
118	0.000675638	118	0.000748126	118	-0.000108559	118	0.000194576	118	0.000781076	118	4.30082E-5	118	0.000306604	118	0.000583379
119	0.000675638	119	0.000734947	119	-0.000121739	119	0.000220935	119	0.000807435	119	4.30082E-5	119	0.000332963	119	0.000589969
120	0.000675638	120	0.000748126	120	-0.000121739	120	0.000220935	120	0.000807435	120	4.30082E-5	120	0.000339553	120	0.000596559
121	0.000708587	121	0.000767896	121	-9.53795E-5	121	0.000207755	121	0.000787666	121	6.93677E-5	121	0.000332963	121	0.000589969
122	0.000701997	122	0.000748126	122	-0.000101969	122	0.000240705	122	0.000774486	122	6.93677E-5	122	0.000326373	122	0.000596559
123	0.000701997	123	0.000741536	123	-8.21997E-5	123	0.000234115	123	0.000787666	123	6.93677E-5	123	0.000332963	123	0.000596559
124	0.000701997	124	0.000734947	124	-0.000101969	124	0.000220935	124	0.000807435	124	8.91374E-5	124	0.000313194	124	0.000622918
125	0.000695407	125	0.000728357	125	-0.000101969	125	0.000227525	125	0.000781076	125	6.93677E-5	125	0.000326373	125	0.000609739
126	0.000708587	126	0.000734947	126	-0.000108559	126	0.000234115	126	0.000774486	126	6.93677E-5	126	0.000346143	126	0.000616329
127	0.000701997	127	0.000728357	127	-0.000115149	127	0.000168216	127	0.000781076	127	7.59576E-5	127	0.000319784	127	0.000596559
128	0.000708587	128	0.000741536	128	-0.000134919	128	0.000207755	128	0.000787666	128	5.6188E-5	128	0.000326373	128	0.000576789
129	0.000708587	129	0.000748126	129	-8.87896E-5	129	0.000234115	129	0.000781076	129	5.6188E-5	129	0.000326373	129	0.000583379
130	0.000688817	130	0.000761306	130	-0.000101969	130	0.000214345	130	0.000807435	130	6.93677E-5	130	0.000346143	130	0.000576789
131	0.000701997	131	0.000748126	131	-9.53795E-5	131	0.000227525	131	0.000774486	131	6.93677E-5	131	0.000326373	131	0.000603149
132	0.000688817	132	0.000748126	132	-0.000108559	132	0.000214345	132	0.000754716	132	4.95981E-5	132	0.000300014	132	0.000576789
133	0.000682227	133	0.000748126	133	-0.000115149	133	0.000253885	133	0.000774486	133	3.64183E-5	133	0.000319784	133	0.000603149
134	0.000682227	134	0.000741536	134	-0.000128329	134	0.000227525	134	0.000748126	134	2.32385E-5	134	0.000306604	134	0.000603149
135	0.000675638	135	0.000741536	135	-0.000101969	135	0.000220935	135	0.000754716	135	-9.71094E-6	135	0.000346143	135	0.000596559
136	0.000708587	136	0.000748126	136	-0.000108559	136	0.000201166	136	0.000748126	136	-2.28907E-5	136	0.000339553	136	0.000596559
137	0.000701997	137	0.000728357	137	-0.000115149	137	0.000234115	137	0.000734947	137	-4.92503E-5	137	0.000319784	137	0.000589969
138	0.000708587	138	0.000748126	138	-0.000101969	138	0.000220935	138	0.000728357	138	-8.21997E-5	138	0.000346143	138	0.000576789
139	0.000708587	139	0.000761306	139	-8.87896E-5	139	0.000260475	139	0.000741536	139	-0.000115149	139	0.000326373	139	0.000622918
140	0.000728357	140	0.000748126	140	-0.000101969	140	0.000227525	140	0.000728357	140	-0.000115149	140	0.000352733	140	0.000563609
141	0.000695407	141	0.000748126	141	-0.000101969	141	0.000247295	141	0.000721767	141	-0.000181048	141	0.000332963	141	0.000583379
142	0.000701997	142	0.000774486	142	-0.000101969	142	0.000234115	142	0.000721767	142	-0.000181048	142	0.000352733	142	0.000589969
143	0.000701997	143	0.000767896	143	-8.21997E-5	143	0.000234115	143	0.000734947	143	-0.000161278	143	0.000359323	143	0.000570199
144	0.000695407	144	0.000767896	144	-9.53795E-5	144	0.000220935	144	0.000748126	144	-0.000181048	144	0.000352733	144	0.000583379
145	0.000708587	145	0.000748126	145	-6.90199E-5	145	0.000220935	145	0.000715177	145	-0.000181048	145	0.000359323	145	0.000596559
146	0.000688817	146	0.000754716	146	-8.87896E-5	146	0.000227525	146	0.000715177	146	-0.000167868	146	0.000352733	146	0.000596559
147	0.000701997	147	0.000767896	147	-8.87896E-5	147	0.000247295	147	0.000688817	147	-0.000194228	147	0.000359323	147	0.000576789
148	0.000682227	148	0.000748126	148	-7.56098E-5	148	0.000207755	148	0.000715177	148	-0.000174458	148	0.000339553	148	0.000596559
149	0.000669048	149	0.000761306	149	-0.000108559	149	0.000227525	149	0.000734947	149	-0.000174458	149	0.000359323	149	0.000583379
150	0.000688817	150	0.000741536	150	-9.53795E-5	150	0.000201166	150	0.000721767	150	-0.000194228	150	0.000339553	150	0.000570199
151	0.000675638	151	0.000748126	151	-0.000115149	151	0.000267064	151	0.000734947	151	-0.000187638	151	0.000352733	151	0.000570199
152	0.000688817	152	0.000761306	152	-9.53795E-5	152	0.000220935	152	0.000708587	152	-0.000174458	152	0.000352733	152	0.00055702
153	0.000708587	153	0.000754716	153	-0.000101969	153	0.000247295	153	0.000741536	153	-0.000187638	153	0.000346143	153	0.00055702
154	0.000682227	154	0.000761306	154	-8.87896E-5	154	0.000194576	154	0.000754716	154	-0.000167868	154	0.000346143	154	0.000576789
155	0.000708587	155	0.000741536	155	-9.53795E-5	155	0.000227525	155	0.000728357	155	-0.000174458	155	0.000359323	155	0.000570199
156	0.000701997	156	0.000761306	156	-0.000101969	156	0.000181396	156	0.000754716	156	-0.000200818	156	0.000339553	156	0.00055043
157	0.000715177	157	0.000748126	157	-0.000121739	157	0.000214345	157	0.000767896	157	-0.000141509	157	0.000359323	157	0.000570199
158	0.000701997	158	0.000767896	158	-8.21997E-5	158	0.000214345	158	0.000774486	158	-0.000141509	158	0.000352733	158	0.000609739
159	0.000721767	159	0.000754716	159	-9.53795E-5	159	0.000220935	159	0.000774486	159	-5.58402E-5	159	0.000339553	159	0.000563609
160	0.000701997	160	0.000734947	160	-0.000101969	160	0.000201166	160	0.000781076	160	-6.90199E-5	160	0.000319784	160	0.000570199
161	0.000708587	161	0.000734947	161	-0.000108559	161	0.000220935	161	0.000767896	161	-7.56098E-5	161	0.000359323	161	0.000583379
162	0.000655868	162	0.000748126	162	-0.000121739	162	0.000214345	162	0.000741536	162	-6.24301E-5	162	0.000346143	162	0.000576789
163	0.000728357	163	0.000761306	163	-0.000101969	163	0.000247295	163	0.000767896	163	-0.000115149	163	0.000352733	163	0.000576789
164	0.000669048	164	0.000754716	164	-0.000108559	164	0.000227525	164	0.000754716	164	-8.21997E-5	164	0.000339553	164	0.000576789
165	0.000688817	165	0.000728357	165	-0.000101969	165	0.000220935	165	0.000754716	165	-8.87896E-5	165	0.000346143	165	0.000583379
166	0.000695407	166	0.000767896	166	-0.000108559	166	0.000220935	166	0.000741536	166	-8.87896E-5	166	0.000339553	166	0.000589969
167	0.000701997	167	0.000754716	167	-0.000101969	167	0.000220935	167	0.000748126	167	-0.000108559	167	0.000346143	167	0.000570199
168	0.000675638	168	0.000754716	168	-9.53795E-5	168	0.000214345	168	0.000734947	168	-0.000115149	168	0.000339553	168	0.000576789
169	0.000701997	169	0.000794256	169	-9.53795E-5	169	0.000214345	169	0.000748126	169	-0.000161278	169	0.000339553	169	0.000576789
170	0.000708587	170	0.000754716	170	-0.000101969	170	0.000240705	170	0.000721767	170	-0.000187638	170	0.000365913	170	0.00055043
171	0.000695407	171	0.000748126	171	-0.000101969	171	0.000267064	171	0.000734947	171	-0.000174458	171	0.000352733	171	0.000589969
172	0.000695407	172	0.000754716	172	-0.000101969	172	0.000207755	172	0.000734947	172	-0.000167868	172	0.000346143	172	0.000570199
173	0.000688817	173	0.000767896	173	-8.87896E-5	173	0.000234115	173	0.000741536	173	-0.000167868	173	0.000326373	173	0.000589969
174	0.000662458	174	0.000761306	174	-0.000121739	174	0.000187986	174	0.000734947	174	-0.000148099	174	0.000326373	174	0.000583379
175	0.000682227	175	0.000754716	175	-0.000101969	175	0.000234115	175	0.000761306	175	-0.000167868	175	0.000346143	175	0.000589969
176	0.000695407	176	0.000761306	176	-8.87896E-5	176	0.000201166	176	0.000728357	176	-0.000174458	176	0.000332963	176	0.000570199
177	0.000682227	177	0.000761306	177	-9.53795E-5	177	0.000220935	177	0.000741536	177	-0.000167868	177	0.000332963	177	0.000570199
178	0.000675638	178	0.000767896	178	-9.53795E-5	178	0.000201166	178	0.000761306	178	-0.000174458	178	0.000365913	178	0.00054384
179	0.000682227	179	0.000754716	179	-8.87896E-5	179	0.000214345	179	0.000748126	179	-0.000181048	179	0.000352733	179	0.00055702
180	0.000715177	180	0.000754716	180	-9.53795E-5	180	0.000194576	180	0.000754716	180	-0.000187638	180	0.000359323	180	0.000583379
181	0.000695407	181	0.000734947	181	-0.000121739	181	0.000227525	181	0.000774486	181	-0.000174458	181	0.000339553	181	0.000576789
182	0.000708587	182	0.000761306	182	-9.53795E-5	182	0.000220935	182	0.000761306	182	-0.000174458	182	0.000352733	182	0.000583379
183	0.000715177	183	0.000781076	183	-0.000115149	183	0.000214345	183	0.000741536	183	-0.000154689	183	0.000359323	183	0.000570199
184	0.000682227	184	0.000754716	184	-9.53795E-5	184	0.000194576	184	0.000748126	184	-0.000174458	184	0.000352733	184	0.000570199
185	0.000708587	185	0.000754716	185	-0.000108559	185	0.000227525	185	0.000728357	185	-0.000181048	185	0.000365913	185	0.00053066
186	0.000682227	186	0.000728357	186	-9.53795E-5	186	0.000201166	186	0.000748126	186	-0.000200818	186	0.000365913	186	0.000596559
187	0.000675638	187	0.000767896	187	-0.000101969	187	0.000207755	187	0.000781076	187	-0.000194228	187	0.000352733	187	0.000583379
188	0.000682227	188	0.000741536	188	-9.53795E-5	188	0.000207755	188	0.000748126	188	-0.000194228	188	0.000372503	188	0.000583379
189	0.000708587	189	0.000754716	189	-0.000115149	189	0.000207755	189	0.000774486	189	-0.000161278	189	0.000352733	189	0.000570199
190	0.000675638	190	0.000767896	190	-0.000108559	190	0.000207755	190	0.000748126	190	-0.000174458	190	0.000352733	190	0.000563609
191	0.000675638	191	0.000754716	191	-0.000115149	191	0.000214345	191	0.000774486	191	-0.000194228	191	0.000372503	191	0.00055702
192	0.000662458	192	0.000761306	192	-8.21997E-5	192	0.000234115	192	0.000761306	192	-0.000187638	192	0.000346143	192	0.00055043
193	0.000682227	193	0.000767896	193	-0.000115149	193	0.000214345	193	0.000754716	193	-0.000161278	193	0.000332963	193	0.00055702
194	0.000701997	194	0.000761306	194	-0.000108559	194	0.000214345	194	0.000774486	194	-0.000194228	194	0.000346143	194	0.00055043
195	0.000728357	195	0.000754716	195	-8.87896E-5	195	0.000240705	195	0.000761306	195	-0.000174458	195	0.000346143	195	0.000570199
196	0.000682227	196	0.000781076	196	-8.87896E-5	196	0.000220935	196	0.000767896	196	-0.000154689	196	0.000352733	196	0.000570199
197	0.000682227	197	0.000754716	197	-0.000101969	197	0.000220935	197	0.000774486	197	-0.000167868	197	0.000332963	197	0.000583379
198	0.000688817	198	0.000754716	198	-0.000115149	198	0.000201166	198	0.000741536	198	-0.000154689	198	0.000339553	198	0.000583379
199	0.000708587	199	0.000734947	199	-9.53795E-5	199	0.000227525	199	0.000754716	199	-0.000200818	199	0.000359323	199	0.000576789
200	0.000695407	200	0.000761306	200	-8.21997E-5	200	0.000227525	200	0.000748126	200	-0.000200818	200	0.000352733	200	0.000576789
201	0.000708587	201	0.000767896	201	-0.000115149	201	0.000260475	201	0.000761306	201	-0.000174458	201	0.000339553	201	0.000583379
202	0.000688817	202	0.000767896	202	-9.53795E-5	202	0.000227525	202	0.000748126	202	-0.000167868	202	0.000365913	202	0.00054384
203	0.000701997	203	0.000781076	203	-0.000108559	203	0.000247295	203	0.000748126	203	-0.000181048	203	0.000352733	203	0.000563609
204	0.000715177	204	0.000761306	204	-0.000108559	204	0.000201166	204	0.000774486	204	-0.000194228	204	0.000365913	204	0.000563609
205	0.000682227	205	0.000754716	205	-0.000101969	205	0.000207755	205	0.000767896	205	-0.000161278	205	0.000352733	205	0.000570199
206	0.000701997	206	0.000748126	206	-0.000101969	206	0.000214345	206	0.000767896	206	-0.000174458	206	0.000365913	206	0.00055702
207	0.000695407	207	0.000734947	207	-0.000141509	207	0.000234115	207	0.000761306	207	-0.000174458	207	0.000346143	207	0.000570199
208	0.000695407	208	0.000767896	208	-6.90199E-5	208	0.000207755	208	0.000754716	208	-0.000167868	208	0.000379093	208	0.000570199
209	0.000675638	209	0.000767896	209	-0.000115149	209	0.000227525	209	0.000741536	209	-0.000174458	209	0.000359323	209	0.000570199
210	0.000669048	210	0.000748126	210	-9.53795E-5	210	0.000194576	210	0.000741536	210	-0.000187638	210	0.000365913	210	0.00055702
211	0.000688817	211	0.000761306	211	-0.000101969	211	0.000227525	211	0.000787666	211	-0.000187638	211	0.000359323	211	0.000563609
212	0.000701997	212	0.000781076	212	-9.53795E-5	212	0.000227525	212	0.000761306	212	-0.000194228	212	0.000372503	212	0.000576789
213	0.000695407	213	0.000754716	213	-0.000108559	213	0.000194576	213	0.000754716	213	-0.000194228	213	0.000352733	213	0.000583379
214	0.000695407	214	0.000754716	214	-0.000101969	214	0.000201166	214	0.000767896	214	-0.000174458	214	0.000365913	214	0.00055702
215	0.000675638	215	0.000754716	215	-9.53795E-5	215	0.000220935	215	0.000761306	215	-0.000187638	215	0.000359323	215	0.000583379
216	0.000682227	216	0.000794256	216	-0.000108559	216	0.000207755	216	0.000728357	216	-0.000174458	216	0.000365913	216	0.000589969
217	0.000682227	217	0.000774486	217	-9.53795E-5	217	0.000227525	217	0.000728357	217	-0.000181048	217	0.000352733	217	0.000583379
218	0.000688817	218	0.000754716	218	-9.53795E-5	218	0.000214345	218	0.000748126	218	-0.000207408	218	0.000339553	218	0.00055702
219	0.000708587	219	0.000774486	219	-0.000121739	219	0.000220935	219	0.000767896	219	-0.000174458	219	0.000365913	219	0.000576789
220	0.000688817	220	0.000761306	220	-0.000101969	220	0.000201166	220	0.000761306	220	-0.000161278	220	0.000352733	220	0.000563609
221	0.000669048	221	0.000761306	221	-0.000115149	221	0.000220935	221	0.000748126	221	-0.000187638	221	0.000352733	221	0.000583379
222	0.000688817	222	0.000781076	222	-0.000128329	222	0.000234115	222	0.000748126	222	-0.000181048	222	0.000346143	222	0.000570199
223	0.000688817	223	0.000761306	223	-9.53795E-5	223	0.000247295	223	0.000748126	223	-0.000181048	223	0.000365913	223	0.000570199
224	0.000701997	224	0.000774486	224	-0.000101969	224	0.000207755	224	0.000748126	224	-0.000187638	224	0.000352733	224	0.000570199
225	0.000701997	225	0.000767896	225	-0.000121739	225	0.000234115	225	0.000754716	225	-0.000187638	225	0.000346143	225	0.000563609
226	0.000669048	226	0.000754716	226	-0.000108559	226	0.000207755	226	0.000741536	226	-0.000161278	226	0.000352733	226	0.000563609
227	0.000708587	227	0.000761306	227	-8.87896E-5	227	0.000227525	227	0.000761306	227	-0.000174458	227	0.000365913	227	0.000570199
228	0.000695407	228	0.000774486	228	-0.000101969	228	0.000227525	228	0.000754716	228	-0.000207408	228	0.000346143	228	0.00055043
229	0.000695407	229	0.000761306	229	-0.000108559	229	0.000220935	229	0.000761306	229	-0.000141509	229	0.000365913	229	0.000570199
230	0.000695407	230	0.000767896	230	-9.53795E-5	230	0.000214345	230	0.000741536	230	-0.000174458	230	0.000359323	230	0.00055043
231	0.000695407	231	0.000754716	231	-0.000108559	231	0.000214345	231	0.000767896	231	-0.000187638	231	0.000385682	231	0.000576789
232	0.000701997	232	0.000767896	232	-0.000108559	232	0.000227525	232	0.000781076	232	-0.000181048	232	0.000365913	232	0.00054384
233	0.000688817	233	0.000774486	233	-0.000108559	233	0.000220935	233	0.000767896	233	-0.000194228	233	0.000339553	233	0.00055702
234	0.000682227	234	0.000754716	234	-0.000121739	234	0.000207755	234	0.000741536	234	-0.000167868	234	0.000359323	234	0.00055702
235	0.000682227	235	0.000767896	235	-0.000108559	235	0.000201166	235	0.000794256	235	-0.000167868	235	0.000359323	235	0.00054384
236	0.000675638	236	0.000761306	236	-0.000115149	236	0.000161626	236	0.000761306	236	-0.000187638	236	0.000346143	236	0.00055043
237	0.000708587	237	0.000748126	237	-0.000121739	237	0.000227525	237	0.000774486	237	-0.000187638	237	0.000372503	237	0.00055702
238	0.000701997	238	0.000774486	238	-0.000108559	238	0.000187986	238	0.000728357	238	-0.000181048	238	0.000346143	238	0.00055043
239	0.000701997	239	0.000761306	239	-0.000121739	239	0.000201166	239	0.000781076	239	-0.000167868	239	0.000352733	239	0.00055702
240	0.000669048	240	0.000774486	240	-9.53795E-5	240	0.000174806	240	0.000748126	240	-0.000167868	240	0.000352733	240	0.00053725
241	0.000721767	241	0.000754716	241	-0.000108559	241	0.000247295	241	0.000754716	241	-0.000174458	241	0.000332963	241	0.00055702
242	0.000682227	242	0.000781076	242	-0.000108559	242	0.000227525	242	0.000741536	242	-0.000167868	242	0.000352733	242	0.00055043
243	0.000695407	243	0.000787666	243	-0.000101969	243	0.000220935	243	0.000754716	243	-0.000181048	243	0.000365913	243	0.00055702
244	0.000701997	244	0.000781076	244	-8.87896E-5	244	0.000267064	244	0.000781076	244	-0.000174458	244	0.000385682	244	0.00055702
245	0.000748126	245	0.000794256	245	-0.000121739	245	0.000326373	245	0.000873334	245	2.32385E-5	245	0.000444991	245	0.000576789
246	0.000728357	246	0.000767896	246	-0.000121739	246	0.000280244	246	0.00110398	246	0.000365913	246	0.00051089	246	0.000636098
247	0.000741536	247	0.000781076	247	-0.000108559	247	0.000267064	247	0.0012226	247	0.000642688	247	0.000609739	247	0.000675638
248	0.000734947	248	0.000800845	248	-0.000108559	248	0.000128677	248	0.00140712	248	0.000952413	248	0.000682227	248	0.000715177
249	0.000748126	249	0.000774486	249	-0.000128329	249	0.000102317	249	0.00159822	249	0.00128191	249	0.000774486	249	0.000794256
250	0.000748126	250	0.000794256	250	-0.000134919	250	4.95981E-5	250	0.00171025	250	0.00149937	250	0.000873334	250	0.000827205
251	0.000787666	251	0.000827205	251	-0.000121739	251	3.64183E-5	251	0.00191454	251	0.00175638	251	0.000939233	251	0.000886514
252	0.000754716	252	0.000827205	252	-9.53795E-5	252	5.6188E-5	252	0.0020661	252	0.00200021	252	0.00101172	252	0.000926053
253	0.000761306	253	0.000800845	253	-0.000101969	253	-2.94806E-5	253	0.00215177	253	0.00212541	253	0.00107762	253	0.000978772
254	0.000767896	254	0.000741536	254	-0.000121739	254	-4.26604E-5	254	0.00222426	254	0.00221767	254	0.00107103	254	0.000978772
255	0.000748126	255	0.000774486	255	-8.87896E-5	255	-0.000101969	255	0.00229675	255	0.00232311	255	0.00114352	255	0.00104467
256	0.000774486	256	0.000781076	256	-0.000121739	256	-0.000108559	256	0.00238901	256	0.0024615	256	0.00117647	256	0.00107103
257	0.000767896	257	0.000761306	257	-0.000101969	257	-0.000128329	257	0.00244832	257	0.00257353	257	0.00120942	257	0.0010908
258	0.000794256	258	0.000781076	258	-0.000115149	258	-0.000154689	258	0.00253399	258	0.00270532	258	0.00123578	258	0.00116329
259	0.000794256	259	0.000754716	259	-0.000101969	259	-0.000161278	259	0.00265919	259	0.00282394	259	0.00127532	259	0.00121601
260	0.000800845	260	0.000589969	260	-9.53795E-5	260	-0.000246947	260	0.00273168	260	0.00292279	260	0.00136758	260	0.00120283
261	0.000794256	261	0.000609739	261	-0.000115149	261	-0.000260127	261	0.00273827	261	0.00298869	261	0.0013544	261	0.00126214
262	0.000787666	262	0.000629508	262	-8.21997E-5	262	-0.000246947	262	0.00275804	262	0.00300846	262	0.00138076	262	0.00124237
263	0.000774486	263	0.000616329	263	-8.87896E-5	263	-0.000233767	263	0.00279099	263	0.00305459	263	0.00141371	263	0.00126873
264	0.000761306	264	0.000629508	264	-0.000134919	264	-0.000246947	264	0.00282394	264	0.00309413	264	0.00140053	264	0.00130168
265	0.000787666	265	0.000616329	265	-0.000108559	265	-0.000240357	265	0.00288325	265	0.00316662	265	0.00141371	265	0.00133463
266	0.000774486	266	0.000609739	266	-0.000108559	266	-0.000246947	266	0.00295574	266	0.00326546	266	0.00146642	266	0.00138735
267	0.000767896	267	0.000603149	267	-8.87896E-5	267	-0.000279896	267	0.00300846	267	0.00333136	267	0.00146642	267	0.00145983
268	0.000748126	268	0.000622918	268	-0.000108559	268	-0.000299666	268	0.00307436	268	0.00342362	268	0.00149937	268	0.0014796
269	0.000781076	269	0.000636098	269	-0.000121739	269	-0.000299666	269	0.00313367	269	0.00352247	269	0.00155868	269	0.0015455
270	0.000734947	270	0.000629508	270	-8.87896E-5	270	-0.000312846	270	0.00325887	270	0.00364109	270	0.00157186	270	0.00158504
271	0.000761306	271	0.000629508	271	-0.000101969	271	-0.000352385	271	0.00333136	271	0.00374653	271	0.00163776	271	0.00165753
272	0.000721767	272	0.000642688	272	-0.000121739	272	-0.000365565	272	0.00345657	272	0.00385855	272	0.00172343	272	0.00173661
273	0.000734947	273	0.000636098	273	-8.87896E-5	273	-0.000385335	273	0.00357519	273	0.00397717	273	0.00175638	273	0.00181569
274	0.000721767	274	0.000642688	274	-7.56098E-5	274	-0.000391925	274	0.0037004	274	0.00414851	274	0.00185523	274	0.001875
275	0.000734947	275	0.000649278	275	-7.56098E-5	275	-0.000365565	275	0.00380584	275	0.00431326	275	0.00192772	275	0.00194749
276	0.000721767	276	0.000662458	276	-4.26604E-5	276	-0.000391925	276	0.00394422	276	0.00447141	276	0.00202656	276	0.00201339
277	0.000748126	277	0.000682227	277	-5.58402E-5	277	-0.000365565	277	0.00409579	277	0.00466911	277	0.00210564	277	0.00211223
278	0.000715177	278	0.000688817	278	1.66486E-5	278	-0.000365565	278	0.004221	278	0.00482068	278	0.00221767	278	0.00221108
279	0.000701997	279	0.000688817	279	2.32385E-5	279	-0.000365565	279	0.00440552	279	0.00495907	279	0.00229675	279	0.00230993
280	0.000688817	280	0.000669048	280	6.93677E-5	280	-0.000385335	280	0.00459003	280	0.00513699	280	0.00246809	280	0.00241537
281	0.000695407	281	0.000682227	281	9.57273E-5	281	-0.000352385	281	0.00475478	281	0.00527538	281	0.00257353	281	0.00254717
282	0.000655868	282	0.000682227	282	0.000122087	282	-0.000365565	282	0.00491294	282	0.00542695	282	0.00267237	282	0.00263942
283	0.000662458	283	0.000688817	283	0.000148446	283	-0.000385335	283	0.00505132	283	0.00559829	283	0.00276463	283	0.00275804
284	0.000622918	284	0.000695407	284	0.000141857	284	-0.000391925	284	0.00518312	284	0.00573008	284	0.00290302	284	0.0028503
285	0.000616329	285	0.000708587	285	0.000128677	285	-0.000332616	285	0.00529515	285	0.00588824	285	0.00302164	285	0.00294256
286	0.000616329	286	0.000715177	286	0.000115497	286	-0.000352385	286	0.00541377	286	0.00606617	286	0.00312708	286	0.00302164
287	0.000629508	287	0.000728357	287	0.000108907	287	-0.000352385	287	0.00556534	287	0.00621774	287	0.0032391	287	0.00312708
288	0.000629508	288	0.000748126	288	0.000122087	288	-0.000365565	288	0.00571031	288	0.00638248	288	0.00337749	288	0.00317321
289	0.000603149	289	0.000701997	289	0.000122087	289	-0.000345795	289	0.00577621	289	0.00652746	289	0.00342362	289	0.00320616
290	0.000609739	290	0.000728357	290	0.000148446	290	-0.000398514	290	0.0059146	290	0.00666585	290	0.00354224	290	0.003305
291	0.000622918	291	0.000721767	291	0.000141857	291	-0.000358975	291	0.00600027	291	0.0068899	291	0.00366745	291	0.00333136
292	0.000583379	292	0.000715177	292	0.000181396	292	-0.000372155	292	0.00612548	292	0.00706783	292	0.00378607	292	0.00339067
293	0.000629508	293	0.000748126	293	0.000181396	293	-0.000339205	293	0.00623091	293	0.00727212	293	0.0038915	293	0.00344998
294	0.000576789	294	0.000734947	294	0.000155036	294	-0.000372155	294	0.00632317	294	0.00737097	294	0.00400353	294	0.00352906
295	0.000563609	295	0.000728357	295	0.000181396	295	-0.000365565	295	0.00634953	295	0.00746981	295	0.00404966	295	0.0035686
296	0.00054384	296	0.000748126	296	0.000174806	296	-0.000405104	296	0.00645497	296	0.00751594	296	0.00416828	296	0.00364109
297	0.000570199	297	0.000741536	297	0.000194576	297	-0.000352385	297	0.00648792	297	0.00758843	297	0.00421441	297	0.00369381
298	0.000576789	298	0.000761306	298	0.000168216	298	-0.000418284	298	0.006567	298	0.00769387	298	0.00430008	298	0.00375312
299	0.00055702	299	0.000741536	299	0.000201166	299	-0.000352385	299	0.00667903	299	0.00777295	299	0.00436598	299	0.00375312
300	0.000589969	300	0.000748126	300	0.000194576	300	-0.000345795	300	0.00675152	300	0.00785203	300	0.00441211	300	0.00381243
301	0.000576789	301	0.000741536	301	0.000220935	301	-0.000385335	301	0.00679765	301	0.00788498	301	0.00447141	301	0.0038256
302	0.000589969	302	0.000754716	302	0.000214345	302	-0.000398514	302	0.00685695	302	0.00789816	302	0.004478	302	0.00381902
303	0.000583379	303	0.000734947	303	0.000227525	303	-0.000352385	303	0.00686354	303	0.00792452	303	0.00452413	303	0.00384537
304	0.000570199	304	0.000721767	304	0.000220935	304	-0.000411694	304	0.00690967	304	0.00790475	304	0.00448459	304	0.00385855
305	0.00054384	305	0.000748126	305	0.000214345	305	-0.000358975	305	0.00687013	305	0.0078718	305	0.00449118	305	0.00385855
306	0.00053725	306	0.000754716	306	0.000240705	306	-0.000378745	306	0.00688331	306	0.00785862	306	0.00449777	306	0.00386514
307	0.00054384	307	0.000748126	307	0.000247295	307	-0.000385335	307	0.00685036	307	0.00783226	307	0.00445164	307	0.00385855
308	0.000563609	308	0.000701997	308	0.000240705	308	-0.000405104	308	0.00685036	308	0.00783226	308	0.00444505	308	0.00383219
309	0.00053066	309	0.000734947	309	0.000247295	309	-0.000378745	309	0.00681083	309	0.00779931	309	0.00443846	309	0.00383878
310	0.00051748	310	0.000734947	310	0.000253885	310	-0.000352385	310	0.00680424	310	0.00777954	310	0.00440552	310	0.0038256
311	0.00052407	311	0.000741536	311	0.000227525	311	-0.000385335	311	0.00678447	311	0.00774659	311	0.00444505	311	0.00381902
312	0.00053725	312	0.000761306	312	0.000240705	312	-0.000378745	312	0.00674493	312	0.00775977	312	0.00438575	312	0.00377289
313	0.00055702	313	0.000741536	313	0.000273654	313	-0.000345795	313	0.00673834	313	0.00772682	313	0.00439234	313	0.00375971
314	0.00054384	314	0.000754716	314	0.000273654	314	-0.000365565	314	0.00673834	314	0.00772023	314	0.0043528	314	0.00375312
315	0.00053725	315	0.000754716	315	0.000273654	315	-0.000365565	315	0.00673175	315	0.00774	315	0.00433962	315	0.00373994
316	0.00053066	316	0.000787666	316	0.000260475	316	-0.000385335	316	0.00672516	316	0.00775318	316	0.00432644	316	0.0037004
317	0.000570199	317	0.000761306	317	0.000286834	317	-0.000365565	317	0.0066988	317	0.00774	317	0.00432644	317	0.00371358
318	0.00054384	318	0.000748126	318	0.000293424	318	-0.000372155	318	0.00667244	318	0.00773341	318	0.00431326	318	0.00367404
319	0.00054384	319	0.000781076	319	0.000293424	319	-0.000345795	319	0.00665926	319	0.00772682	319	0.00430008	319	0.00364768
320	0.00054384	320	0.000774486	320	0.000267064	320	-0.000391925	320	0.00667244	320	0.00774	320	0.00426713	320	0.00361473
321	0.000570199	321	0.000748126	321	0.000286834	321	-0.000365565	321	0.00665267	321	0.00774	321	0.00424736	321	0.00362791
322	0.000563609	322	0.000787666	322	0.000300014	322	-0.000365565	322	0.00666585	322	0.00772682	322	0.00422759	322	0.00362791
323	0.000563609	323	0.000774486	323	0.000293424	323	-0.000365565	323	0.00667903	323	0.00775318	323	0.004221	323	0.00362791
324	0.00055043	324	0.000774486	324	0.000300014	324	-0.000345795	324	0.00669221	324	0.00774659	324	0.00423418	324	0.00361473
325	0.000583379	325	0.000761306	325	0.000326373	325	-0.000352385	325	0.00667903	325	0.00775318	325	0.00420782	325	0.00358178
326	0.00054384	326	0.000774486	326	0.000293424	326	-0.000385335	326	0.00667903	326	0.00773341	326	0.00418146	326	0.00354883
327	0.00055043	327	0.000767896	327	0.000326373	327	-0.000352385	327	0.00659995	327	0.00774	327	0.0041551	327	0.00352906
328	0.00054384	328	0.000800845	328	0.000319784	328	-0.000391925	328	0.00656041	328	0.00769387	328	0.00412215	328	0.00350929
329	0.000563609	329	0.000787666	329	0.000306604	329	-0.000372155	329	0.00651428	329	0.00768728	329	0.00411556	329	0.0035027
330	0.00054384	330	0.000807435	330	0.000306604	330	-0.000345795	330	0.00651428	330	0.0076741	330	0.00412215	330	0.00352247
331	0.00055043	331	0.000800845	331	0.000313194	331	-0.000339205	331	0.00652087	331	0.00768728	331	0.00412874	331	0.00349611
332	0.00055702	332	0.000827205	332	0.000326373	332	-0.000332616	332	0.00646815	332	0.00766092	332	0.00410238	332	0.00346975
333	0.000576789	333	0.000787666	333	0.000313194	333	-0.000358975	333	0.00646156	333	0.00766092	333	0.00406943	333	0.00347634
334	0.000589969	334	0.000814025	334	0.000319784	334	-0.000405104	334	0.0064352	334	0.0076741	334	0.00406943	334	0.00342362
335	0.000589969	335	0.000820615	335	0.000313194	335	-0.000345795	335	0.00642861	335	0.00766751	335	0.0040892	335	0.0034368
336	0.000596559	336	0.000794256	336	0.000326373	336	-0.000332616	336	0.0064352	336	0.00764115	336	0.0040892	336	0.0034368
337	0.000596559	337	0.000800845	337	0.000326373	337	-0.000372155	337	0.00644179	337	0.00765433	337	0.00412215	337	0.00344339
338	0.000596559	338	0.000814025	338	0.000306604	338	-0.000358975	338	0.00642861	338	0.00765433	338	0.00410897	338	0.00344998
339	0.000616329	339	0.000814025	339	0.000306604	339	-0.000332616	339	0.00642202	339	0.00764774	339	0.00414192	339	0.00346316
340	0.000629508	340	0.000807435	340	0.000313194	340	-0.000339205	340	0.00642861	340	0.00765433	340	0.00414851	340	0.00346316
341	0.000616329	341	0.000814025	341	0.000300014	341	-0.000332616	341	0.00640884	341	0.00763456	341	0.00414851	341	0.00347634
342	0.000583379	342	0.000787666	342	0.000293424	342	-0.000372155	342	0.00640225	342	0.00759502	342	0.00418805	342	0.00348293
343	0.000576789	343	0.000807435	343	0.000293424	343	-0.000358975	343	0.00636271	343	0.00750276	343	0.00421441	343	0.00352906
344	0.000563609	344	0.000814025	344	0.000273654	344	-0.000365565	344	0.00636271	344	0.00746322	344	0.00419464	344	0.00352906
345	0.000563609	345	0.000800845	345	0.000300014	345	-0.000358975	345	0.00631658	345	0.0074171	345	0.004221	345	0.00358178
346	0.000589969	346	0.000827205	346	0.000280244	346	-0.000332616	346	0.00630999	346	0.00740392	346	0.00425395	346	0.00358837
347	0.000589969	347	0.000781076	347	0.000286834	347	-0.000339205	347	0.00630999	347	0.00738415	347	0.00428031	347	0.00361473
348	0.000583379	348	0.000807435	348	0.000267064	348	-0.000372155	348	0.00634294	348	0.00734461	348	0.00430667	348	0.00369381
349	0.000576789	349	0.000787666	349	0.000280244	349	-0.000332616	349	0.0063693	349	0.00730507	349	0.00436598	349	0.00372676
350	0.000570199	350	0.000781076	350	0.000267064	350	-0.000372155	350	0.00638907	350	0.00727212	350	0.0044187	350	0.00378607
351	0.00055702	351	0.000754716	351	0.000280244	351	-0.000345795	351	0.00642202	351	0.00725235	351	0.00447141	351	0.00386514
352	0.000583379	352	0.000754716	352	0.000300014	352	-0.000332616	352	0.00646815	352	0.00725235	352	0.00453072	352	0.00390468
353	0.000570199	353	0.000748126	353	0.000286834	353	-0.000352385	353	0.00654723	353	0.00725894	353	0.00460321	353	0.00396399
354	0.000563609	354	0.000748126	354	0.000319784	354	-0.000332616	354	0.00661972	354	0.00723917	354	0.00468229	354	0.00405625
355	0.00055043	355	0.000734947	355	0.000306604	355	-0.000345795	355	0.00664608	355	0.00721281	355	0.0047416	355	0.00409579
356	0.000570199	356	0.000708587	356	0.000319784	356	-0.000319436	356	0.00667903	356	0.00713373	356	0.0048075	356	0.00417487
357	0.000563609	357	0.000701997	357	0.000306604	357	-0.000326026	357	0.00669221	357	0.00702829	357	0.00485363	357	0.00425395
358	0.00054384	358	0.000688817	358	0.000332963	358	-0.000352385	358	0.0067647	358	0.00694921	358	0.00491953	358	0.00432644
359	0.00055702	359	0.000682227	359	0.000319784	359	-0.000365565	359	0.00675811	359	0.00685695	359	0.00499202	359	0.00441211
360	0.00053725	360	0.000649278	360	0.000313194	360	-0.000391925	360	0.00679106	360	0.00682401	360	0.0050645	360	0.00447141
361	0.000563609	361	0.000669048	361	0.000332963	361	-0.000365565	361	0.00685036	361	0.00677129	361	0.00511722	361	0.00457685
362	0.00051748	362	0.000655868	362	0.000365913	362	-0.000345795	362	0.00687672	362	0.00675152	362	0.00520948	362	0.00462957
363	0.000563609	363	0.000669048	363	0.000392272	363	-0.000326026	363	0.00687672	363	0.00665267	363	0.0052622	363	0.00466252
364	0.00055043	364	0.000642688	364	0.000398862	364	-0.000358975	364	0.00683718	364	0.00652746	364	0.00526879	364	0.00472842
365	0.000570199	365	0.000636098	365	0.000398862	365	-0.000299666	365	0.00684377	365	0.00646156	365	0.00530833	365	0.00476796
366	0.00053725	366	0.000636098	366	0.000438402	366	-0.000332616	366	0.00681742	366	0.00640884	366	0.00536764	366	0.00482068
367	0.000596559	367	0.000622918	367	0.000458171	367	-0.000293076	367	0.00682401	367	0.00626386	367	0.00540718	367	0.00486681
368	0.000570199	368	0.000649278	368	0.000444991	368	-0.000299666	368	0.00679765	368	0.00617161	368	0.00544672	368	0.00492612
369	0.000596559	369	0.000629508	369	0.000477941	369	-0.000312846	369	0.0067647	369	0.00603322	369	0.00549285	369	0.0050052
370	0.000563609	370	0.000616329	370	0.000497711	370	-0.000319436	370	0.00671857	370	0.00590801	370	0.00555216	370	0.00507109
371	0.00055702	371	0.000583379	371	0.00051089	371	-0.000279896	371	0.0066988	371	0.00576303	371	0.00563123	371	0.00515017
372	0.000570199	372	0.000596559	372	0.00053066	372	-0.000279896	372	0.00667903	372	0.00563782	372	0.00573008	372	0.00523584
373	0.000596559	373	0.000589969	373	0.000497711	373	-0.000299666	373	0.00665926	373	0.00544672	373	0.00582234	373	0.00535446
374	0.00055702	374	0.000570199	374	0.00054384	374	-0.000332616	374	0.00666585	374	0.00524902	374	0.00590801	374	0.00541377
375	0.000583379	375	0.000589969	375	0.00051089	375	-0.000279896	375	0.00666585	375	0.00513699	375	0.00600027	375	0.00555216
376	0.000589969	376	0.00055043	376	0.00055043	376	-0.000293076	376	0.00664608	376	0.00504473	376	0.00608594	376	0.00562465
377	0.000589969	377	0.00055702	377	0.000603149	377	-0.000260127	377	0.0066329	377	0.00495907	377	0.00616502	377	0.00571031
378	0.000570199	378	0.000570199	378	0.000603149	378	-0.000299666	378	0.00665926	378	0.00486022	378	0.00626386	378	0.0058487
379	0.000589969	379	0.000563609	379	0.000589969	379	-0.000266717	379	0.00661313	379	0.00480091	379	0.00639566	379	0.00595414
380	0.000570199	380	0.000576789	380	0.000603149	380	-0.000319436	380	0.00659995	380	0.00471524	380	0.00646156	380	0.00603981
381	0.000583379	381	0.000583379	381	0.000596559	381	-0.000319436	381	0.00652746	381	0.00460321	381	0.00653405	381	0.00606617
382	0.000583379	382	0.000563609	382	0.000603149	382	-0.000339205	382	0.00645497	382	0.00455049	382	0.00658018	382	0.00610571
383	0.000583379	383	0.000583379	383	0.000622918	383	-0.000312846	383	0.00637589	383	0.00445823	383	0.00659336	383	0.00611889
384	0.000570199	384	0.000616329	384	0.000622918	384	-0.000299666	384	0.00632317	384	0.00440552	384	0.0066329	384	0.00610571
385	0.000576789	385	0.000603149	385	0.000649278	385	-0.000319436	385	0.00632976	385	0.00439234	385	0.00662631	385	0.00611889
386	0.000603149	386	0.000596559	386	0.000655868	386	-0.000312846	386	0.00619797	386	0.0043528	386	0.00665267	386	0.00603322
387	0.000616329	387	0.000596559	387	0.000636098	387	-0.000306256	387	0.00613207	387	0.00429349	387	0.00660654	387	0.00601345
388	0.000570199	388	0.000616329	388	0.000649278	388	-0.000319436	388	0.00606617	388	0.00420123	388	0.00657359	388	0.00593437
389	0.000609739	389	0.000616329	389	0.000642688	389	-0.000319436	389	0.00596073	389	0.0041551	389	0.006567	389	0.00588824
390	0.000596559	390	0.000616329	390	0.000649278	390	-0.000365565	390	0.00584211	390	0.00408261	390	0.00652087	390	0.00580257
391	0.000589969	391	0.000629508	391	0.000682227	391	-0.000332616	391	0.00574985	391	0.00400353	391	0.00648133	391	0.00578939
392	0.000609739	392	0.000636098	392	0.000682227	392	-0.000312846	392	0.00564441	392	0.00394422	392	0.0064352	392	0.00568395
393	0.000636098	393	0.000629508	393	0.000655868	393	-0.000293076	393	0.00551921	393	0.0038915	393	0.0063693	393	0.00566418
394	0.000622918	394	0.000649278	394	0.000662458	394	-0.000339205	394	0.00540718	394	0.00384537	394	0.00632317	394	0.00557852
395	0.000642688	395	0.000649278	395	0.000662458	395	-0.000345795	395	0.00531492	395	0.00377948	395	0.00624409	395	0.00551921
396	0.000622918	396	0.000636098	396	0.000688817	396	-0.000345795	396	0.00517653	396	0.00377289	396	0.00616502	396	0.0054599
397	0.000629508	397	0.000629508	397	0.000688817	397	-0.000365565	397	0.00501838	397	0.00370699	397	0.00605958	397	0.00538082
398	0.000649278	398	0.000669048	398	0.000682227	398	-0.000365565	398	0.00486681	398	0.00364768	398	0.00596073	398	0.00527538
399	0.000669048	399	0.000682227	399	0.000695407	399	-0.000372155	399	0.00470206	399	0.00358837	399	0.00580257	399	0.00533469
400	0.000642688	400	0.000728357	400	0.000721767	400	-0.000418284	400	0.00435939	400	0.00356201	400	0.00554557	400	0.00527538
401	0.000589969	401	0.000761306	401	0.000695407	401	-0.000418284	401	0.00406284	401	0.00350929	401	0.0052622	401	0.00528856
402	0.000583379	402	0.000794256	402	0.000721767	402	-0.000444644	402	0.0038256	402	0.00349611	402	0.00503814	402	0.00515676
403	0.000589969	403	0.000800845	403	0.000741536	403	-0.000405104	403	0.00368063	403	0.00346316	403	0.00484704	403	0.00505791
404	0.000570199	404	0.000774486	404	0.000721767	404	-0.000411694	404	0.0034368	404	0.00341044	404	0.00462298	404	0.00487999
405	0.000609739	405	0.000781076	405	0.000688817	405	-0.000372155	405	0.00319298	405	0.00333136	405	0.0043528	405	0.00477455
406	0.000603149	406	0.000800845	406	0.000688817	406	-0.000405104	406	0.00295574	406	0.00321934	406	0.00408261	406	0.00455049
407	0.000563609	407	0.000807435	407	0.000675638	407	-0.000405104	407	0.0027185	407	0.0031139	407	0.00381243	407	0.00438575
408	0.000563609	408	0.000840385	408	0.000622918	408	-0.000424874	408	0.00248127	408	0.00295574	408	0.00352247	408	0.00421441
409	0.00054384	409	0.000846975	409	0.000471351	409	-0.000385335	409	0.00215836	409	0.00281076	409	0.00314685	409	0.0040233
410	0.0005043	410	0.000873334	410	0.000339553	410	-0.000418284	410	0.00192113	410	0.0026526	410	0.00289643	410	0.00393104
411	0.000464761	411	0.000893104	411	0.000168216	411	-0.000398514	411	0.00165753	411	0.00254717	411	0.00268555	411	0.00383878
412	0.000491121	412	0.000899694	412	4.95981E-5	412	-0.000424874	412	0.00149278	412	0.0024615	412	0.00245491	412	0.00377948
413	0.000438402	413	0.000965593	413	-3.12105E-6	413	-0.000405104	413	0.00121601	413	0.00237583	413	0.00215177	413	0.00360155
414	0.000471351	414	0.00101172	414	-3.12105E-6	414	-0.000444644	414	0.000985362	414	0.00225062	414	0.00182228	414	0.00345657
415	0.000431812	415	0.00104467	415	-5.58402E-5	415	-0.000391925	415	0.000721767	415	0.00211882	415	0.00149278	415	0.00329841
416	0.000431812	416	0.00106444	416	-6.90199E-5	416	-0.000438054	416	0.000491121	416	0.00196726	416	0.00115011	416	0.00310072
417	0.000458171	417	0.00114352	417	-9.53795E-5	417	-0.000411694	417	0.00051089	417	0.00177615	417	0.00103808	417	0.00292279
418	0.000477941	418	0.00118306	418	-8.87896E-5	418	-0.000405104	418	0.0005043	418	0.00145983	418	0.000939233	418	0.00257353
419	0.000497711	419	0.00121601	419	-8.87896E-5	419	-0.000411694	419	0.00051089	419	0.00116329	419	0.000833795	419	0.00229016
420	0.000497711	420	0.00124237	420	-7.56098E-5	420	-0.000411694	420	0.000497711	420	0.000991952	420	0.000701997	420	0.00207269
421	0.000484531	421	0.00129509	421	-9.53795E-5	421	-0.000424874	421	0.00051748	421	0.000846975	421	0.000655868	421	0.00190795
422	0.000484531	422	0.00131486	422	-8.21997E-5	422	-0.000418284	422	0.00053066	422	0.000741536	422	0.000642688	422	0.00182228
423	0.000491121	423	0.00128191	423	-9.53795E-5	423	-0.000438054	423	0.00053725	423	0.000708587	423	0.000616329	423	0.00182887
424	0.000458171	424	0.00132145	424	-8.87896E-5	424	-0.000431464	424	0.00051748	424	0.000636098	424	0.000603149	424	0.00177615
425	0.000458171	425	0.00121601	425	-0.000128329	425	-0.000431464	425	0.00051089	425	0.000563609	425	0.00051089	425	0.00163776
426	0.000438402	426	0.00114352	426	-7.56098E-5	426	-0.000391925	426	0.00052407	426	0.000497711	426	0.000451581	426	0.00153891
427	0.000458171	427	0.00114352	427	-8.87896E-5	427	-0.000457823	427	0.000497711	427	0.000425222	427	0.000379093	427	0.00140053
428	0.000451581	428	0.00114352	428	-9.53795E-5	428	-0.000424874	428	0.000497711	428	0.000431812	428	0.000352733	428	0.00142688
429	0.000451581	429	0.00103808	429	-0.000101969	429	-0.000405104	429	0.000497711	429	0.000379093	429	0.000306604	429	0.00131486
430	0.000458171	430	0.000965593	430	-6.90199E-5	430	-0.000424874	430	0.00052407	430	0.000339553	430	0.000214345	430	0.00121601
431	0.0005043	431	0.000919463	431	-7.56098E-5	431	-0.000398514	431	0.0005043	431	0.000293424	431	0.000181396	431	0.00116329
432	0.00051748	432	0.000886514	432	-5.58402E-5	432	-0.000405104	432	0.00051089	432	0.000306604	432	0.000148446	432	0.00113693
433	0.0005043	433	0.000866744	433	-1.63008E-5	433	-0.000405104	433	0.000491121	433	0.000267064	433	0.000155036	433	0.00113034
434	0.00052407	434	0.000860154	434	1.00587E-5	434	-0.000411694	434	0.00051089	434	0.000260475	434	0.000135267	434	0.00107103
435	0.00051089	435	0.000827205	435	-3.12105E-6	435	-0.000391925	435	0.0005043	435	0.000253885	435	0.000135267	435	0.00110398
436	0.000471351	436	0.000860154	436	-9.71094E-6	436	-0.000391925	436	0.00051089	436	0.000267064	436	0.000135267	436	0.00113693
437	0.000497711	437	0.000827205	437	1.00587E-5	437	-0.000431464	437	0.0005043	437	0.000260475	437	0.000161626	437	0.00110398
438	0.00051089	438	0.000840385	438	2.98284E-5	438	-0.000464413	438	0.000491121	438	0.000267064	438	0.000161626	438	0.0010908
439	0.00053725	439	0.000827205	439	2.32385E-5	439	-0.000411694	439	0.00051089	439	0.000260475	439	0.000155036	439	0.0010908
440	0.00051089	440	0.000833795	440	2.98284E-5	440	-0.000391925	440	0.00051089	440	0.000247295	440	0.000168216	440	0.00107103
441	0.00053066	441	0.000833795	441	4.95981E-5	441	-0.000372155	441	0.0005043	441	0.000253885	441	0.000155036	441	0.00111057
442	0.00051089	442	0.000814025	442	1.66486E-5	442	-0.000398514	442	0.00051748	442	0.000260475	442	0.000148446	442	0.0010908
443	0.00053066	443	0.000827205	443	2.98284E-5	443	-0.000385335	443	0.000491121	443	0.000247295	443	0.000161626	443	0.00107103
444	0.00051089	444	0.000846975	444	4.30082E-5	444	-0.000378745	444	0.000497711	444	0.000247295	444	0.000135267	444	0.0010908
445	0.00051089	445	0.000794256	445	2.32385E-5	445	-0.000358975	445	0.000491121	445	0.000247295	445	0.000161626	445	0.00111057
446	0.00052407	446	0.000814025	446	3.64183E-5	446	-0.000391925	446	0.00051748	446	0.000247295	446	0.000155036	446	0.00107762
447	0.0005043	447	0.000800845	447	2.32385E-5	447	-0.000378745	447	0.00052407	447	0.000240705	447	0.000168216	447	0.00109739
448	0.00051748	448	0.000794256	448	2.98284E-5	448	-0.000464413	448	0.00051089	448	0.000267064	448	0.000135267	448	0.00109739
449	0.00053066	449	0.000814025	449	3.46884E-6	449	-0.000378745	449	0.00051089	449	0.000267064	449	0.000148446	449	0.00109739
450	0.000497711	450	0.000807435	450	2.32385E-5	450	-0.000418284	450	0.000497711	450	0.000273654	450	0.000181396	450	0.00109739
451	0.000497711	451	0.000807435	451	3.64183E-5	451	-0.000405104	451	0.00051748	451	0.000247295	451	0.000135267	451	0.0010908
452	0.00051748	452	0.000827205	452	3.64183E-5	452	-0.000405104	452	0.000497711	452	0.000234115	452	0.000141857	452	0.00107103
453	0.0005043	453	0.000820615	453	1.66486E-5	453	-0.000424874	453	0.0005043	453	0.000253885	453	0.000155036	453	0.0010908
454	0.00051748	454	0.000800845	454	3.64183E-5	454	-0.000405104	454	0.000484531	454	0.000253885	454	0.000148446	454	0.00108421
455	0.000491121	455	0.000800845	455	5.6188E-5	455	-0.000398514	455	0.0005043	455	0.000247295	455	0.000168216	455	0.00107103
456	0.000497711	456	0.000814025	456	3.64183E-5	456	-0.000405104	456	0.00051089	456	0.000267064	456	0.000174806	456	0.00105785
457	0.00053066	457	0.000833795	457	4.95981E-5	457	-0.000398514	457	0.0005043	457	0.000267064	457	0.000161626	457	0.00109739
458	0.0005043	458	0.000833795	458	6.27778E-5	458	-0.000431464	458	0.00051748	458	0.000260475	458	0.000155036	458	0.0010908
459	0.00055702	459	0.000840385	459	3.64183E-5	459	-0.000391925	459	0.00051748	459	0.000247295	459	0.000155036	459	0.00107103
460	0.00051089	460	0.000820615	460	6.27778E-5	460	-0.000385335	460	0.000491121	460	0.000253885	460	0.000148446	460	0.00107762
461	0.00051089	461	0.000814025	461	5.6188E-5	461	-0.000451234	461	0.00052407	461	0.000267064	461	0.000141857	461	0.00108421
462	0.00053066	462	0.000781076	462	3.64183E-5	462	-0.000398514	462	0.00051748	462	0.000253885	462	0.000155036	462	0.00107762
463	0.00051748	463	0.000807435	463	7.59576E-5	463	-0.000405104	463	0.000491121	463	0.000247295	463	0.000135267	463	0.00104467
464	0.00051089	464	0.000800845	464	4.95981E-5	464	-0.000424874	464	0.000484531	464	0.000247295	464	0.000161626	464	0.00107103
465	0.0005043	465	0.000794256	465	4.95981E-5	465	-0.000398514	465	0.00051089	465	0.000247295	465	0.000128677	465	0.00108421
466	0.00051089	466	0.000794256	466	6.27778E-5	466	-0.000398514	466	0.0005043	466	0.000234115	466	0.000155036	466	0.00107103
467	0.00052407	467	0.000807435	467	5.6188E-5	467	-0.000411694	467	0.0005043	467	0.000234115	467	0.000155036	467	0.00106444
468	0.0005043	468	0.000794256	468	5.6188E-5	468	-0.000365565	468	0.00051748	468	0.000253885	468	0.000174806	468	0.00107762
469	0.000471351	469	0.000800845	469	6.93677E-5	469	-0.000411694	469	0.00051748	469	0.000253885	469	0.000168216	469	0.00107103
470	0.0005043	470	0.000794256	470	6.27778E-5	470	-0.000424874	470	0.00051089	470	0.000253885	470	0.000168216	470	0.00106444
471	0.00053725	471	0.000781076	471	4.95981E-5	471	-0.000372155	471	0.000491121	471	0.000260475	471	0.000148446	471	0.00106444
472	0.00054384	472	0.000800845	472	4.95981E-5	472	-0.000411694	472	0.000497711	472	0.000267064	472	0.000155036	472	0.00105126
473	0.00051748	473	0.000807435	473	5.6188E-5	473	-0.000372155	473	0.0005043	473	0.000247295	473	0.000174806	473	0.00107762
474	0.0005043	474	0.000807435	474	5.6188E-5	474	-0.000418284	474	0.000497711	474	0.000247295	474	0.000128677	474	0.00106444
475	0.00051089	475	0.000800845	475	4.30082E-5	475	-0.000352385	475	0.00051089	475	0.000253885	475	0.000168216	475	0.00106444
476	0.00055043	476	0.000800845	476	7.59576E-5	476	-0.000385335	476	0.000497711	476	0.000227525	476	0.000148446	476	0.00103808
477	0.00053066	477	0.000800845	477	4.95981E-5	477	-0.000398514	477	0.00051089	477	0.000253885	477	0.000161626	477	0.00104467
478	0.000497711	478	0.000814025	478	6.93677E-5	478	-0.000405104	478	0.000491121	478	0.000267064	478	0.000141857	478	0.00105126
479	0.0005043	479	0.000807435	479	4.95981E-5	479	-0.000378745	479	0.00051089	479	0.000293424	479	0.000155036	479	0.00106444
480	0.00051089	480	0.000787666	480	8.25475E-5	480	-0.000398514	480	0.0005043	480	0.000247295	480	0.000155036	480	0.00107762
481	0.00053066	481	0.000774486	481	7.59576E-5	481	-0.000378745	481	0.00051748	481	0.000267064	481	0.000174806	481	0.00105126
482	0.00053066	482	0.000794256	482	8.91374E-5	482	-0.000372155	482	0.00051748	482	0.000220935	482	0.000181396	482	0.00105785
483	0.00051089	483	0.000807435	483	7.59576E-5	483	-0.000372155	483	0.0005043	483	0.000247295	483	0.000187986	483	0.00103808
484	0.000497711	484	0.000800845	484	6.93677E-5	484	-0.000405104	484	0.00051089	484	0.000227525	484	0.000161626	484	0.00103808
485	0.00052407	485	0.000800845	485	4.95981E-5	485	-0.000391925	485	0.000497711	485	0.000234115	485	0.000161626	485	0.00104467
486	0.0005043	486	0.000781076	486	8.91374E-5	486	-0.000411694	486	0.00051748	486	0.000240705	486	0.000161626	486	0.00105126
487	0.00052407	487	0.000794256	487	7.59576E-5	487	-0.000365565	487	0.00052407	487	0.000260475	487	0.000141857	487	0.00105126
488	0.00053725	488	0.000787666	488	0.000102317	488	-0.000378745	488	0.000497711	488	0.000214345	488	0.000148446	488	0.00103149
489	0.00051748	489	0.000787666	489	0.000102317	489	-0.000385335	489	0.000497711	489	0.000260475	489	0.000174806	489	0.00105785
490	0.000497711	490	0.000781076	490	8.91374E-5	490	-0.000398514	490	0.0005043	490	0.000240705	490	0.000174806	490	0.00106444
491	0.00052407	491	0.000787666	491	8.91374E-5	491	-0.000345795	491	0.00051089	491	0.000247295	491	0.000161626	491	0.00104467
492	0.000497711	492	0.000781076	492	0.000102317	492	-0.000378745	492	0.00051748	492	0.000234115	492	0.000174806	492	0.00103808
493	0.00051089	493	0.000794256	493	9.57273E-5	493	-0.000332616	493	0.00051748	493	0.000234115	493	0.000161626	493	0.00104467
494	0.000497711	494	0.000774486	494	9.57273E-5	494	-0.000385335	494	0.00053725	494	0.000260475	494	0.000141857	494	0.00104467
495	0.00051089	495	0.000781076	495	0.000108907	495	-0.000385335	495	0.00051089	495	0.000247295	495	0.000174806	495	0.00105785
496	0.00051089	496	0.000787666	496	7.59576E-5	496	-0.000378745	496	0.000497711	496	0.000240705	496	0.000128677	496	0.00105126
497	0.00054384	497	0.000774486	497	0.000102317	497	-0.000358975	497	0.0005043	497	0.000247295	497	0.000168216	497	0.00105785
498	0.000497711	498	0.000787666	498	9.57273E-5	498	-0.000405104	498	0.00051748	498	0.000253885	498	0.000168216	498	0.00105126
499	0.00051748	499	0.000774486	499	0.000108907	499	-0.000358975	499	0.0005043	499	0.000220935	499	0.000168216	499	0.00105126
500	0.00051748	500	0.000794256	500	0.000108907	500	-0.000365565	500	0.00052407	500	0.000227525	500	0.000181396	500	0.00104467
501	0.00054384	501	0.000761306	501	0.000108907	501	-0.000378745	501	0.0005043	501	0.000220935	501	0.000174806	501	0.00103149
502	0.00051089	502	0.000787666	502	9.57273E-5	502	-0.000411694	502	0.000497711	502	0.000220935	502	0.000168216	502	0.00104467
503	0.00053725	503	0.000774486	503	9.57273E-5	503	-0.000378745	503	0.00051089	503	0.000234115	503	0.000174806	503	0.00105126
504	0.00052407	504	0.000774486	504	0.000102317	504	-0.000372155	504	0.0005043	504	0.000214345	504	0.000148446	504	0.00104467
505	0.0005043	505	0.000774486	505	0.000102317	505	-0.000378745	505	0.00053066	505	0.000247295	505	0.000148446	505	0.00105126
506	0.0005043	506	0.000767896	506	0.000102317	506	-0.000398514	506	0.0005043	506	0.000220935	506	0.000168216	506	0.00104467
507	0.00051089	507	0.000794256	507	9.57273E-5	507	-0.000365565	507	0.00051748	507	0.000247295	507	0.000194576	507	0.00104467
508	0.000497711	508	0.000781076	508	7.59576E-5	508	-0.000372155	508	0.00052407	508	0.000247295	508	0.000181396	508	0.00104467
509	0.00053725	509	0.000787666	509	8.25475E-5	509	-0.000431464	509	0.000491121	509	0.000240705	509	0.000174806	509	0.00104467
510	0.000497711	510	0.000774486	510	8.91374E-5	510	-0.000411694	510	0.00052407	510	0.000227525	510	0.000187986	510	0.00105126
511	0.00051089	511	0.000754716	511	0.000108907	511	-0.000391925	511	0.00051748	511	0.000253885	511	0.000181396	511	0.00103149
512	0.00051089	512	0.000787666	512	8.25475E-5	512	-0.000398514	512	0.000497711	512	0.000227525	512	0.000161626	512	0.00104467
513	0.000570199	513	0.000794256	513	7.59576E-5	513	-0.000372155	513	0.000484531	513	0.000234115	513	0.000168216	513	0.00103149
514	0.00051748	514	0.000781076	514	0.000102317	514	-0.000411694	514	0.00051089	514	0.000247295	514	0.000187986	514	0.00101172
515	0.00052407	515	0.000774486	515	8.91374E-5	515	-0.000378745	515	0.000484531	515	0.000253885	515	0.000161626	515	0.0010249
516	0.00051748	516	0.000814025	516	8.91374E-5	516	-0.000418284	516	0.0005043	516	0.000240705	516	0.000181396	516	0.00105126
517	0.00052407	517	0.000767896	517	8.25475E-5	517	-0.000405104	517	0.0005043	517	0.000234115	517	0.000187986	517	0.0010249
518	0.00053066	518	0.000800845	518	9.57273E-5	518	-0.000405104	518	0.00051089	518	0.000207755	518	0.000194576	518	0.0010249
519	0.00053725	519	0.000774486	519	6.27778E-5	519	-0.000385335	519	0.00051089	519	0.000240705	519	0.000181396	519	0.0010249
520	0.00051748	520	0.000800845	520	8.25475E-5	520	-0.000398514	520	0.00051089	520	0.000214345	520	0.000194576	520	0.00101172
521	0.00051748	521	0.000787666	521	7.59576E-5	521	-0.000365565	521	0.000497711	521	0.000234115	521	0.000181396	521	0.00103808
522	0.00051089	522	0.000807435	522	6.93677E-5	522	-0.000398514	522	0.00053066	522	0.000220935	522	0.000161626	522	0.00104467
523	0.00052407	523	0.000767896	523	8.91374E-5	523	-0.000378745	523	0.000497711	523	0.000220935	523	0.000181396	523	0.00101172
524	0.00051089	524	0.000787666	524	6.93677E-5	524	-0.000438054	524	0.0005043	524	0.000220935	524	0.000181396	524	0.00105126
525	0.00053725	525	0.000794256	525	8.25475E-5	525	-0.000438054	525	0.0005043	525	0.000227525	525	0.000155036	525	0.00105126
526	0.00051748	526	0.000781076	526	6.27778E-5	526	-0.000405104	526	0.00051748	526	0.000220935	526	0.000174806	526	0.00104467
527	0.00051748	527	0.000794256	527	6.93677E-5	527	-0.000411694	527	0.00051748	527	0.000227525	527	0.000187986	527	0.00103808
528	0.00053066	528	0.000807435	528	8.91374E-5	528	-0.000398514	528	0.00052407	528	0.000234115	528	0.000155036	528	0.00103149
529	0.00052407	529	0.000781076	529	9.57273E-5	529	-0.000424874	529	0.00051748	529	0.000227525	529	0.000174806	529	0.00103808
530	0.00052407	530	0.000807435	530	9.57273E-5	530	-0.000405104	530	0.000497711	530	0.000253885	530	0.000168216	530	0.00101831
531	0.00051089	531	0.000781076	531	0.000102317	531	-0.000391925	531	0.00053725	531	0.000234115	531	0.000181396	531	0.00103808
532	0.000497711	532	0.000827205	532	9.57273E-5	532	-0.000405104	532	0.00051748	532	0.000214345	532	0.000141857	532	0.00104467
533	0.000497711	533	0.000781076	533	8.25475E-5	533	-0.000385335	533	0.000497711	533	0.000220935	533	0.000181396	533	0.00105126
534	0.000491121	534	0.000820615	534	8.25475E-5	534	-0.000418284	534	0.00051748	534	0.000207755	534	0.000181396	534	0.00103808
535	0.00051748	535	0.000814025	535	7.59576E-5	535	-0.000418284	535	0.00051748	535	0.000227525	535	0.000168216	535	0.00103149
536	0.00051748	536	0.000814025	536	8.91374E-5	536	-0.000378745	536	0.00051089	536	0.000207755	536	0.000174806	536	0.00103808
537	0.00051748	537	0.000787666	537	0.000108907	537	-0.000405104	537	0.00051748	537	0.000234115	537	0.000148446	537	0.0010249
538	0.00051089	538	0.000800845	538	8.91374E-5	538	-0.000418284	538	0.00051089	538	0.000227525	538	0.000174806	538	0.00105126
539	0.000497711	539	0.000814025	539	7.59576E-5	539	-0.000411694	539	0.00053066	539	0.000201166	539	0.000174806	539	0.00105785
540	0.000484531	540	0.000814025	540	7.59576E-5	540	-0.000418284	540	0.00051089	540	0.000220935	540	0.000155036	540	0.00103149
541	0.00053066	541	0.000814025	541	8.91374E-5	541	-0.000405104	541	0.00051089	541	0.000227525	541	0.000168216	541	0.00106444
542	0.000491121	542	0.000827205	542	6.93677E-5	542	-0.000424874	542	0.000497711	542	0.000194576	542	0.000168216	542	0.0010249
543	0.00053725	543	0.000800845	543	0.000102317	543	-0.000365565	543	0.00052407	543	0.000234115	543	0.000174806	543	0.00104467
544	0.00052407	544	0.000807435	544	9.57273E-5	544	-0.000405104	544	0.00053725	544	0.000240705	544	0.000187986	544	0.00104467
545	0.00053066	545	0.000800845	545	0.000102317	545	-0.000405104	545	0.000484531	545	0.000214345	545	0.000168216	545	0.00104467
546	0.00051089	546	0.000794256	546	0.000102317	546	-0.000418284	546	0.00051089	546	0.000234115	546	0.000155036	546	0.00103808
547	0.000484531	547	0.000807435	547	9.57273E-5	547	-0.000431464	547	0.0005043	547	0.000240705	547	0.000155036	547	0.00105126
548	0.000491121	548	0.000827205	548	0.000122087	548	-0.000451234	548	0.00053066	548	0.000227525	548	0.000155036	548	0.00105126
549	0.000491121	549	0.000794256	549	8.91374E-5	549	-0.000405104	549	0.000497711	549	0.000240705	549	0.000161626	549	0.00105126
550	0.00052407	550	0.000800845	550	0.000128677	550	-0.000431464	550	0.00051089	550	0.000201166	550	0.000168216	550	0.00104467
551	0.000497711	551	0.000800845	551	0.000102317	551	-0.000405104	551	0.000497711	551	0.000207755	551	0.000155036	551	0.00103149
552	0.00053725	552	0.000781076	552	0.000108907	552	-0.000411694	552	0.00051089	552	0.000234115	552	0.000174806	552	0.00103808
553	0.00051089	553	0.000820615	553	0.000108907	553	-0.000411694	553	0.00051748	553	0.000201166	553	0.000174806	553	0.00104467
554	0.000497711	554	0.000820615	554	0.000102317	554	-0.000418284	554	0.00052407	554	0.000207755	554	0.000187986	554	0.00103808
555	0.0005043	555	0.000827205	555	8.91374E-5	555	-0.000411694	555	0.00052407	555	0.000207755	555	0.000174806	555	0.00106444
556	0.00052407	556	0.000800845	556	0.000108907	556	-0.000438054	556	0.00053725	556	0.000227525	556	0.000161626	556	0.00103808
557	0.000491121	557	0.000807435	557	0.000102317	557	-0.000411694	557	0.00051089	557	0.000220935	557	0.000174806	557	0.00106444
558	0.000484531	558	0.000833795	558	0.000102317	558	-0.000411694	558	0.000497711	558	0.000214345	558	0.000207755	558	0.00103149
559	0.0005043	559	0.000840385	559	8.91374E-5	559	-0.000385335	559	0.0005043	559	0.000207755	559	0.000174806	559	0.00105785
560	0.00051089	560	0.000833795	560	9.57273E-5	560	-0.000411694	560	0.000497711	560	0.000207755	560	0.000181396	560	0.00105126
561	0.00051748	561	0.000794256	561	8.25475E-5	561	-0.000260127	561	0.00051089	561	0.000207755	561	0.000161626	561	0.00104467
562	0.000491121	562	0.000807435	562	8.91374E-5	562	-0.000405104	562	0.00051089	562	0.000234115	562	0.000174806	562	0.00105126
563	0.00051089	563	0.000820615	563	8.91374E-5	563	-0.000418284	563	0.00051748	563	0.000220935	563	0.000181396	563	0.0010249
564	0.000497711	564	0.000833795	564	0.000102317	564	-0.000411694	564	0.00051089	564	0.000227525	564	0.000161626	564	0.0010249
565	0.000563609	565	0.000820615	565	0.000108907	565	-0.000391925	565	0.000497711	565	0.000220935	565	0.000187986	565	0.00105785
566	0.000497711	566	0.000840385	566	0.000102317	566	-0.000411694	566	0.000497711	566	0.000207755	566	0.000174806	566	0.00101831
567	0.0005043	567	0.000794256	567	0.000102317	567	-0.000391925	567	0.000497711	567	0.000234115	567	0.000168216	567	0.00104467
568	0.000491121	568	0.000827205	568	0.000102317	568	-0.000391925	568	0.00051748	568	0.000227525	568	0.000181396	568	0.00105126
569	0.0005043	569	0.000807435	569	0.000102317	569	-0.000405104	569	0.0005043	569	0.000234115	569	0.000181396	569	0.00103808
570	0.00051748	570	0.000794256	570	0.000122087	570	-0.000391925	570	0.00051089	570	0.000220935	570	0.000187986	570	0.00105126
571	0.00051089	571	0.000800845	571	0.000115497	571	-0.000385335	571	0.000491121	571	0.000214345	571	0.000161626	571	0.00101172
572	0.000491121	572	0.000827205	572	0.000102317	572	-0.000378745	572	0.00052407	572	0.000220935	572	0.000174806	572	0.00106444
573	0.00052407	573	0.000814025	573	9.57273E-5	573	-0.000398514	573	0.00051089	573	0.000214345	573	0.000187986	573	0.00106444
574	0.000497711	574	0.000827205	574	8.91374E-5	574	-0.000411694	574	0.00051748	574	0.000214345	574	0.000155036	574	0.00103149
575	0.00051748	575	0.000820615	575	8.91374E-5	575	-0.000411694	575	0.00051089	575	0.000240705	575	0.000168216	575	0.00103149
576	0.00051748	576	0.000827205	576	0.000108907	576	-0.000418284	576	0.0005043	576	0.000207755	576	0.000187986	576	0.00101831
577	0.000497711	577	0.000787666	577	0.000122087	577	-0.000391925	577	0.000484531	577	0.000214345	577	0.000168216	577	0.00105126
578	0.00052407	578	0.000800845	578	0.000102317	578	-0.000398514	578	0.0005043	578	0.000214345	578	0.000174806	578	0.00103808
579	0.00051748	579	0.000807435	579	0.000115497	579	-0.000451234	579	0.00051748	579	0.000201166	579	0.000155036	579	0.00103149
580	0.00051748	580	0.000800845	580	9.57273E-5	580	-0.000438054	580	0.00053725	580	0.000220935	580	0.000174806	580	0.00103808
581	0.00051089	581	0.000827205	581	0.000102317	581	-0.000418284	581	0.00051089	581	0.000240705	581	0.000168216	581	0.00105126
582	0.0005043	582	0.000820615	582	6.93677E-5	582	-0.000424874	582	0.00051089	582	0.000214345	582	0.000187986	582	0.0010249
583	0.00053725	583	0.000814025	583	0.000108907	583	-0.000378745	583	0.0005043	583	0.000227525	583	0.000187986	583	0.00104467
584	0.00053725	584	0.000807435	584	0.000108907	584	-0.000385335	584	0.000491121	584	0.000220935	584	0.000174806	584	0.0010249
585	0.00051089	585	0.000794256	585	8.25475E-5	585	-0.000411694	585	0.00052407	585	0.000207755	585	0.000174806	585	0.00105126
586	0.000484531	586	0.000794256	586	9.57273E-5	586	-0.000451234	586	0.00051748	586	0.000240705	586	0.000155036	586	0.0010249
587	0.00051748	587	0.000814025	587	0.000102317	587	-0.000391925	587	0.00051089	587	0.000207755	587	0.000174806	587	0.00105126
588	0.00051089	588	0.000814025	588	8.91374E-5	588	-0.000391925	588	0.00051748	588	0.000227525	588	0.000168216	588	0.00103808
589	0.000491121	589	0.000814025	589	0.000115497	589	-0.000424874	589	0.0005043	589	0.000227525	589	0.000201166	589	0.00103149
590	0.00052407	590	0.000807435	590	0.000102317	590	-0.000424874	590	0.0005043	590	0.000240705	590	0.000181396	590	0.00103808
591	0.000497711	591	0.000781076	591	0.000102317	591	-0.000391925	591	0.000491121	591	0.000240705	591	0.000187986	591	0.00103808
592	0.000484531	592	0.000820615	592	8.91374E-5	592	-0.000438054	592	0.00051089	592	0.000220935	592	0.000194576	592	0.00105126
593	0.0005043	593	0.000800845	593	8.91374E-5	593	-0.000391925	593	0.000497711	593	0.000220935	593	0.000168216	593	0.00103808
594	0.0005043	594	0.000814025	594	0.000102317	594	-0.000398514	594	0.00051089	594	0.000227525	594	0.000168216	594	0.0010249
595	0.00052407	595	0.000814025	595	0.000108907	595	-0.000260127	595	0.000497711	595	0.000234115	595	0.000174806	595	0.00103149
596	0.000497711	596	0.000827205	596	8.91374E-5	596	-0.000391925	596	0.0005043	596	0.000227525	596	0.000207755	596	0.00103149
597	0.0005043	597	0.000794256	597	0.000102317	597	-0.000503953	597	0.00051748	597	0.000220935	597	0.000181396	597	0.0010249
598	0.00051089	598	0.000820615	598	9.57273E-5	598	-0.000378745	598	0.00051089	598	0.000227525	598	0.000187986	598	0.00103149
599	0.00051089	599	0.000807435	599	0.000102317	599	-0.000398514	599	0.0005043	599	0.000220935	599	0.000181396	599	0.0010249
600	0.0005043	600	0.000814025	600	9.57273E-5	600	-0.000405104	600	0.00051089	600	0.000214345	600	0.000181396	600	0.0010249
601	0.00053725	601	0.000787666	601	9.57273E-5	601	-0.000418284	601	0.000497711	601	0.000207755	601	0.000161626	601	0.00101831
602	0.0005043	602	0.000814025	602	0.000108907	602	-0.000405104	602	0.0005043	602	0.000214345	602	0.000174806	602	0.00103808
603	0.00051089	603	0.000827205	603	6.93677E-5	603	-0.000398514	603	0.00052407	603	0.000227525	603	0.000174806	603	0.00109739
604	0.0005043	604	0.000814025	604	9.57273E-5	604	-0.000378745	604	0.00051748	604	0.000214345	604	0.000161626	604	0.0010249
605	0.00051748	605	0.000827205	605	0.000102317	605	-0.000385335	605	0.00051089	605	0.000220935	605	0.000161626	605	0.00104467
606	0.00052407	606	0.000827205	606	7.59576E-5	606	-0.000431464	606	0.00051089	606	0.000207755	606	0.000181396	606	0.00101831
