Time - Ch 1	Amplitude - Ch 1	Time - Ch 2	Amplitude - Ch 2	Time - Ch 3	Amplitude - Ch 3	Time - Ch 4	Amplitude - Ch 4	Time - Ch 5	Amplitude - Ch 5	Time - Ch 6	Amplitude - Ch 6	Time - Ch 7	Amplitude - Ch 7	Time - Ch 8	Amplitude - Ch 8
0	0.000708587	0	0.000662458	0	6.27778E-5	0	-0.000128329	0	0.00051089	0	0.000174806	0	0.000201166	0	0.000846975
1	0.000669048	1	0.000662458	1	3.64183E-5	1	-0.000174458	1	0.00052407	1	0.000207755	1	0.000194576	1	0.000814025
2	0.000662458	2	0.000609739	2	1.00587E-5	2	-0.000187638	2	0.00053725	2	0.000220935	2	0.000214345	2	0.000807435
3	0.000649278	3	0.000649278	3	-4.26604E-5	3	-0.000187638	3	0.00055702	3	0.000234115	3	0.000227525	3	0.000787666
4	0.000695407	4	0.000622918	4	-6.24301E-5	4	-0.000121739	4	0.000563609	4	0.000181396	4	0.000227525	4	0.000748126
5	0.000708587	5	0.000622918	5	-8.21997E-5	5	-0.000108559	5	0.000609739	5	0.000187986	5	0.000260475	5	0.000741536
6	0.000701997	6	0.000629508	6	-9.53795E-5	6	-5.58402E-5	6	0.000616329	6	0.000181396	6	0.000286834	6	0.000741536
7	0.000662458	7	0.000629508	7	-9.53795E-5	7	-0.000121739	7	0.000629508	7	0.000181396	7	0.000286834	7	0.000728357
8	0.000682227	8	0.000636098	8	-9.53795E-5	8	-7.56098E-5	8	0.000675638	8	0.000168216	8	0.000273654	8	0.000741536
9	0.000655868	9	0.000609739	9	-9.53795E-5	9	-0.000115149	9	0.000662458	9	0.000141857	9	0.000306604	9	0.000715177
10	0.000649278	10	0.000616329	10	-0.000101969	10	-6.24301E-5	10	0.000715177	10	0.000161626	10	0.000346143	10	0.000695407
11	0.000662458	11	0.000622918	11	-0.000101969	11	-7.56098E-5	11	0.000655868	11	0.000128677	11	0.000319784	11	0.000675638
12	0.000701997	12	0.000622918	12	-7.56098E-5	12	-5.58402E-5	12	0.000669048	12	0.000122087	12	0.000319784	12	0.000708587
13	0.000662458	13	0.000589969	13	-9.53795E-5	13	-7.56098E-5	13	0.000642688	13	0.000168216	13	0.000306604	13	0.000701997
14	0.000682227	14	0.000609739	14	-9.53795E-5	14	-6.90199E-5	14	0.000622918	14	0.000148446	14	0.000319784	14	0.000715177
15	0.000682227	15	0.000616329	15	-8.21997E-5	15	-4.92503E-5	15	0.000622918	15	0.000148446	15	0.000319784	15	0.000688817
16	0.000682227	16	0.000629508	16	-0.000128329	16	-3.60705E-5	16	0.000589969	16	0.000161626	16	0.000319784	16	0.000734947
17	0.000649278	17	0.000636098	17	-0.000101969	17	-1.63008E-5	17	0.000589969	17	0.000155036	17	0.000313194	17	0.000734947
18	0.000688817	18	0.000629508	18	-8.87896E-5	18	-4.26604E-5	18	0.000570199	18	0.000161626	18	0.000313194	18	0.000748126
19	0.000662458	19	0.000649278	19	-0.000108559	19	-3.60705E-5	19	0.000622918	19	0.000155036	19	0.000300014	19	0.000728357
20	0.000655868	20	0.000616329	20	-0.000101969	20	-1.63008E-5	20	0.000570199	20	0.000141857	20	0.000306604	20	0.000734947
21	0.000682227	21	0.000629508	21	-0.000108559	21	-5.58402E-5	21	0.00053725	21	0.000122087	21	0.000280244	21	0.000715177
22	0.000682227	22	0.000622918	22	-8.87896E-5	22	-6.24301E-5	22	0.00054384	22	0.000161626	22	0.000306604	22	0.000741536
23	0.000662458	23	0.000629508	23	-0.000108559	23	-8.21997E-5	23	0.000576789	23	0.000128677	23	0.000293424	23	0.000748126
24	0.000708587	24	0.000622918	24	-0.000101969	24	-6.24301E-5	24	0.000629508	24	0.000148446	24	0.000306604	24	0.000734947
25	0.000675638	25	0.000636098	25	-0.000108559	25	-0.000101969	25	0.000682227	25	0.000148446	25	0.000286834	25	0.000701997
26	0.000701997	26	0.000642688	26	-9.53795E-5	26	-2.94806E-5	26	0.000701997	26	0.000141857	26	0.000286834	26	0.000701997
27	0.000695407	27	0.000636098	27	-0.000108559	27	-0.000101969	27	0.000682227	27	0.000135267	27	0.000319784	27	0.000695407
28	0.000688817	28	0.000583379	28	-6.90199E-5	28	-8.87896E-5	28	0.000695407	28	0.000128677	28	0.000326373	28	0.000695407
29	0.000682227	29	0.000616329	29	-8.87896E-5	29	-0.000115149	29	0.000642688	29	0.000102317	29	0.000300014	29	0.000675638
30	0.000734947	30	0.000596559	30	-9.53795E-5	30	-9.53795E-5	30	0.000603149	30	0.000115497	30	0.000300014	30	0.000701997
31	0.000675638	31	0.000603149	31	-0.000101969	31	-8.87896E-5	31	0.000583379	31	0.000108907	31	0.000313194	31	0.000715177
32	0.000695407	32	0.000622918	32	-0.000108559	32	-0.000108559	32	0.000589969	32	8.91374E-5	32	0.000306604	32	0.000721767
33	0.000688817	33	0.000649278	33	-7.56098E-5	33	-0.000134919	33	0.00055702	33	0.000108907	33	0.000313194	33	0.000734947
34	0.000682227	34	0.000609739	34	-8.87896E-5	34	-8.87896E-5	34	0.00053725	34	7.59576E-5	34	0.000300014	34	0.000767896
35	0.000682227	35	0.000636098	35	-7.56098E-5	35	-0.000101969	35	0.00051748	35	8.91374E-5	35	0.000293424	35	0.000734947
36	0.000688817	36	0.000603149	36	-5.58402E-5	36	-0.000154689	36	0.00051089	36	8.25475E-5	36	0.000300014	36	0.000754716
37	0.000682227	37	0.000629508	37	-6.24301E-5	37	-0.000148099	37	0.00051089	37	6.93677E-5	37	0.000306604	37	0.000761306
38	0.000669048	38	0.000622918	38	-4.26604E-5	38	-0.000161278	38	0.000491121	38	5.6188E-5	38	0.000313194	38	0.000754716
39	0.000688817	39	0.000649278	39	-3.60705E-5	39	-0.000134919	39	0.000497711	39	6.93677E-5	39	0.000273654	39	0.000767896
40	0.000708587	40	0.000649278	40	1.66486E-5	40	-4.92503E-5	40	0.000497711	40	6.27778E-5	40	0.000247295	40	0.000787666
41	0.000622918	41	0.000688817	41	0.000148446	41	1.66486E-5	41	0.00052407	41	8.25475E-5	41	0.000214345	41	0.000827205
42	0.000636098	42	0.000715177	42	8.25475E-5	42	-0.000181048	42	0.0005043	42	4.30082E-5	42	0.000214345	42	0.000893104
43	0.000616329	43	0.000794256	43	8.91374E-5	43	-0.000220587	43	0.000497711	43	4.95981E-5	43	0.000194576	43	0.000814025
44	0.000636098	44	0.000642688	44	6.27778E-5	44	-2.94806E-5	44	0.000497711	44	6.27778E-5	44	0.000227525	44	0.000820615
45	0.000609739	45	0.000642688	45	0.000155036	45	-7.56098E-5	45	0.000497711	45	1.66486E-5	45	0.000240705	45	0.000820615
46	0.000603149	46	0.000682227	46	0.000227525	46	-0.000312846	46	0.00051089	46	1.00587E-5	46	0.000220935	46	0.000833795
47	0.000616329	47	0.000728357	47	0.000286834	47	-0.000266717	47	0.000497711	47	-1.63008E-5	47	0.000220935	47	0.000860154
48	0.000596559	48	0.000695407	48	0.000313194	48	-0.000266717	48	0.00052407	48	-2.94806E-5	48	0.000181396	48	0.000853565
49	0.000603149	49	0.000708587	49	0.000346143	49	-0.000286486	49	0.00051748	49	-2.28907E-5	49	0.000201166	49	0.000840385
50	0.000642688	50	0.000715177	50	0.000352733	50	-0.000260127	50	0.00052407	50	3.46884E-6	50	0.000214345	50	0.000853565
51	0.000609739	51	0.000695407	51	0.000359323	51	-0.000299666	51	0.00051748	51	-9.71094E-6	51	0.000207755	51	0.000840385
52	0.000609739	52	0.000701997	52	0.000359323	52	-0.000266717	52	0.00053066	52	-1.63008E-5	52	0.000214345	52	0.000886514
53	0.000603149	53	0.000728357	53	0.000352733	53	-0.000266717	53	0.000484531	53	-3.12105E-6	53	0.000207755	53	0.000853565
54	0.000603149	54	0.000708587	54	0.000339553	54	-0.000260127	54	0.0005043	54	1.66486E-5	54	0.000227525	54	0.000866744
55	0.000583379	55	0.000721767	55	0.000319784	55	-0.000266717	55	0.00053066	55	1.00587E-5	55	0.000201166	55	0.000860154
56	0.000622918	56	0.000695407	56	0.000339553	56	-0.000260127	56	0.000497711	56	2.32385E-5	56	0.000201166	56	0.000866744
57	0.000642688	57	0.000715177	57	0.000339553	57	-0.000279896	57	0.00052407	57	1.66486E-5	57	0.000187986	57	0.000853565
58	0.000603149	58	0.000701997	58	0.000339553	58	-0.000273307	58	0.0005043	58	2.98284E-5	58	0.000240705	58	0.000853565
59	0.000603149	59	0.000715177	59	0.000332963	59	-0.000273307	59	0.0005043	59	4.95981E-5	59	0.000247295	59	0.000853565
60	0.000603149	60	0.000682227	60	0.000326373	60	-0.000246947	60	0.00051089	60	3.64183E-5	60	0.000201166	60	0.000879924
61	0.000576789	61	0.000715177	61	0.000332963	61	-0.000253537	61	0.00051748	61	6.27778E-5	61	0.000174806	61	0.000879924
62	0.000642688	62	0.000701997	62	0.000332963	62	-0.000181048	62	0.0005043	62	5.6188E-5	62	0.000201166	62	0.000860154
63	0.000603149	63	0.000688817	63	0.000332963	63	-0.000246947	63	0.00051748	63	3.64183E-5	63	0.000194576	63	0.000827205
64	0.000642688	64	0.000701997	64	0.000339553	64	-0.000253537	64	0.00051748	64	3.64183E-5	64	0.000207755	64	0.000820615
65	0.000642688	65	0.000715177	65	0.000326373	65	-0.000266717	65	0.000484531	65	4.95981E-5	65	0.000234115	65	0.000873334
66	0.000596559	66	0.000715177	66	0.000346143	66	-0.000227177	66	0.00051748	66	2.32385E-5	66	0.000194576	66	0.000840385
67	0.000622918	67	0.000695407	67	0.000319784	67	-0.000306256	67	0.0005043	67	4.30082E-5	67	0.000181396	67	0.000860154
68	0.000596559	68	0.000708587	68	0.000326373	68	-0.000253537	68	0.0005043	68	1.00587E-5	68	0.000220935	68	0.000879924
69	0.000616329	69	0.000701997	69	0.000352733	69	-0.000286486	69	0.00051089	69	4.95981E-5	69	0.000194576	69	0.000853565
70	0.000649278	70	0.000669048	70	0.000365913	70	-0.000312846	70	0.000497711	70	2.32385E-5	70	0.000227525	70	0.000879924
71	0.000596559	71	0.000701997	71	0.000372503	71	-0.000299666	71	0.00053725	71	3.46884E-6	71	0.000227525	71	0.000853565
72	0.000622918	72	0.000688817	72	0.000379093	72	-0.000279896	72	0.00051748	72	-3.12105E-6	72	0.000201166	72	0.000873334
73	0.000596559	73	0.000682227	73	0.000385682	73	-0.000326026	73	0.00051089	73	-3.12105E-6	73	0.000201166	73	0.000879924
74	0.000616329	74	0.000662458	74	0.000372503	74	-0.000279896	74	0.00051748	74	3.46884E-6	74	0.000220935	74	0.000866744
75	0.000622918	75	0.000682227	75	0.000392272	75	-0.000319436	75	0.000491121	75	1.00587E-5	75	0.000207755	75	0.000860154
76	0.000636098	76	0.000675638	76	0.000405452	76	-0.000312846	76	0.00051089	76	-3.60705E-5	76	0.000194576	76	0.000860154
77	0.000622918	77	0.000675638	77	0.000425222	77	-0.000332616	77	0.00051748	77	-4.26604E-5	77	0.000187986	77	0.000866744
78	0.000622918	78	0.000682227	78	0.000451581	78	-0.000312846	78	0.00052407	78	-4.92503E-5	78	0.000207755	78	0.000879924
79	0.000603149	79	0.000682227	79	0.000451581	79	-0.000411694	79	0.00051089	79	-6.24301E-5	79	0.000220935	79	0.000846975
80	0.000642688	80	0.000649278	80	0.000484531	80	-0.000352385	80	0.00051089	80	-6.90199E-5	80	0.000240705	80	0.000860154
81	0.000669048	81	0.000675638	81	0.000491121	81	-0.000405104	81	0.00051089	81	-6.90199E-5	81	0.000214345	81	0.000853565
82	0.000649278	82	0.000662458	82	0.00052407	82	-0.000372155	82	0.00051089	82	-8.21997E-5	82	0.000214345	82	0.000879924
83	0.000629508	83	0.000655868	83	0.00053725	83	-0.000438054	83	0.00051748	83	-9.53795E-5	83	0.000207755	83	0.000866744
84	0.000662458	84	0.000649278	84	0.00055043	84	-0.000365565	84	0.00051089	84	-8.87896E-5	84	0.000234115	84	0.000814025
85	0.000622918	85	0.000669048	85	0.000570199	85	-0.000451234	85	0.00051089	85	-0.000101969	85	0.000201166	85	0.000840385
86	0.000662458	86	0.000649278	86	0.000609739	86	-0.000424874	86	0.00051089	86	-0.000101969	86	0.000207755	86	0.000873334
87	0.000649278	87	0.000649278	87	0.000596559	87	-0.000424874	87	0.0005043	87	-0.000101969	87	0.000220935	87	0.000853565
88	0.000642688	88	0.000622918	88	0.000603149	88	-0.000405104	88	0.000497711	88	-9.53795E-5	88	0.000214345	88	0.000853565
89	0.000649278	89	0.000642688	89	0.000603149	89	-0.000451234	89	0.000491121	89	-0.000101969	89	0.000234115	89	0.000853565
90	0.000649278	90	0.000649278	90	0.000636098	90	-0.000405104	90	0.00051089	90	-0.000108559	90	0.000187986	90	0.000840385
91	0.000655868	91	0.000649278	91	0.000655868	91	-0.000411694	91	0.000497711	91	-0.000128329	91	0.000247295	91	0.000919463
92	0.000662458	92	0.000655868	92	0.000662458	92	-0.000418284	92	0.000491121	92	-0.000121739	92	0.000227525	92	0.000846975
93	0.000629508	93	0.000669048	93	0.000662458	93	-0.000444644	93	0.000497711	93	-0.000115149	93	0.000207755	93	0.000833795
94	0.000655868	94	0.000629508	94	0.000688817	94	-0.000405104	94	0.00051089	94	-0.000108559	94	0.000240705	94	0.000833795
95	0.000662458	95	0.000669048	95	0.000695407	95	-0.000391925	95	0.00051089	95	-0.000108559	95	0.000240705	95	0.000860154
96	0.000662458	96	0.000642688	96	0.000682227	96	-0.000405104	96	0.000497711	96	-0.000115149	96	0.000240705	96	0.000846975
97	0.000622918	97	0.000655868	97	0.000688817	97	-0.000418284	97	0.0005043	97	-0.000108559	97	0.000234115	97	0.000833795
98	0.000662458	98	0.000642688	98	0.000715177	98	-0.000398514	98	0.00051748	98	-0.000128329	98	0.000227525	98	0.000860154
99	0.000662458	99	0.000655868	99	0.000675638	99	-0.000405104	99	0.00051748	99	-0.000128329	99	0.000253885	99	0.000827205
100	0.000649278	100	0.000662458	100	0.000701997	100	-0.000391925	100	0.000497711	100	-0.000108559	100	0.000234115	100	0.000814025
101	0.000629508	101	0.000669048	101	0.000701997	101	-0.000391925	101	0.00051748	101	-8.21997E-5	101	0.000247295	101	0.000827205
102	0.000662458	102	0.000655868	102	0.000682227	102	-0.000405104	102	0.000497711	102	-0.000108559	102	0.000214345	102	0.000853565
103	0.000616329	103	0.000649278	103	0.000682227	103	-0.000471003	103	0.00051748	103	-0.000121739	103	0.000227525	103	0.000873334
104	0.000655868	104	0.000669048	104	0.000675638	104	-0.000405104	104	0.00052407	104	-0.000101969	104	0.000214345	104	0.000879924
105	0.000642688	105	0.000649278	105	0.000682227	105	-0.000444644	105	0.00051089	105	-9.53795E-5	105	0.000234115	105	0.000860154
106	0.000642688	106	0.000655868	106	0.000669048	106	-0.000398514	106	0.00052407	106	-9.53795E-5	106	0.000240705	106	0.000860154
107	0.000609739	107	0.000642688	107	0.000695407	107	-0.000431464	107	0.00051748	107	-0.000101969	107	0.000227525	107	0.000853565
108	0.000662458	108	0.000655868	108	0.000675638	108	-0.000418284	108	0.00053725	108	-0.000101969	108	0.000240705	108	0.000827205
109	0.000636098	109	0.000675638	109	0.000669048	109	-0.000411694	109	0.000497711	109	-0.000115149	109	0.000247295	109	0.000814025
110	0.000642688	110	0.000669048	110	0.000695407	110	-0.000451234	110	0.00051089	110	-7.56098E-5	110	0.000247295	110	0.000807435
111	0.000649278	111	0.000649278	111	0.000669048	111	-0.000431464	111	0.00053066	111	-0.000101969	111	0.000240705	111	0.000807435
112	0.000655868	112	0.000649278	112	0.000669048	112	-0.000372155	112	0.00052407	112	-9.53795E-5	112	0.000207755	112	0.000827205
113	0.000609739	113	0.000655868	113	0.000669048	113	-0.000457823	113	0.00051089	113	-0.000121739	113	0.000220935	113	0.000833795
114	0.000655868	114	0.000649278	114	0.000682227	114	-0.000385335	114	0.000497711	114	-8.21997E-5	114	0.000240705	114	0.000879924
115	0.000622918	115	0.000662458	115	0.000662458	115	-0.000431464	115	0.00052407	115	-0.000101969	115	0.000253885	115	0.000820615
116	0.000636098	116	0.000655868	116	0.000695407	116	-0.000431464	116	0.000477941	116	-0.000108559	116	0.000214345	116	0.000866744
117	0.000636098	117	0.000655868	117	0.000688817	117	-0.000405104	117	0.000497711	117	-7.56098E-5	117	0.000240705	117	0.000866744
118	0.000642688	118	0.000649278	118	0.000708587	118	-0.000372155	118	0.00051748	118	-8.21997E-5	118	0.000207755	118	0.000846975
119	0.000603149	119	0.000675638	119	0.000728357	119	-0.000424874	119	0.00052407	119	-8.87896E-5	119	0.000201166	119	0.000906284
120	0.000616329	120	0.000662458	120	0.000728357	120	-0.000431464	120	0.00051748	120	-7.56098E-5	120	0.000260475	120	0.000860154
121	0.000596559	121	0.000655868	121	0.000754716	121	-0.000411694	121	0.00054384	121	-8.87896E-5	121	0.000227525	121	0.000893104
122	0.000596559	122	0.000669048	122	0.000761306	122	-0.000405104	122	0.000497711	122	-0.000121739	122	0.000253885	122	0.000873334
123	0.000583379	123	0.000688817	123	0.000787666	123	-0.000451234	123	0.00051089	123	-8.21997E-5	123	0.000240705	123	0.000853565
124	0.000609739	124	0.000662458	124	0.000767896	124	-0.000418284	124	0.00052407	124	-8.21997E-5	124	0.000220935	124	0.000853565
125	0.000583379	125	0.000741536	125	0.000761306	125	-0.000424874	125	0.00052407	125	-8.21997E-5	125	0.000247295	125	0.000853565
126	0.000589969	126	0.000754716	126	0.000774486	126	-0.000391925	126	0.000491121	126	-9.53795E-5	126	0.000267064	126	0.000893104
127	0.000583379	127	0.000767896	127	0.000761306	127	-0.000391925	127	0.00053066	127	-0.000101969	127	0.000240705	127	0.000893104
128	0.000570199	128	0.000728357	128	0.000767896	128	-0.000497363	128	0.00052407	128	-0.000101969	128	0.000201166	128	0.000879924
129	0.000589969	129	0.000734947	129	0.000767896	129	-0.000391925	129	0.00051089	129	-8.87896E-5	129	0.000201166	129	0.000873334
130	0.000596559	130	0.000741536	130	0.000734947	130	-0.000358975	130	0.000497711	130	-6.24301E-5	130	0.000234115	130	0.000873334
131	0.00054384	131	0.000728357	131	0.000774486	131	-0.000391925	131	0.000484531	131	-0.000115149	131	0.000234115	131	0.000906284
132	0.000589969	132	0.000721767	132	0.000748126	132	-0.000405104	132	0.00051089	132	-7.56098E-5	132	0.000187986	132	0.000866744
133	0.000576789	133	0.000721767	133	0.000748126	133	-0.000451234	133	0.00051748	133	-0.000108559	133	0.000220935	133	0.000860154
134	0.000570199	134	0.000715177	134	0.000741536	134	-0.000418284	134	0.00051089	134	-9.53795E-5	134	0.000227525	134	0.000853565
135	0.00055043	135	0.000748126	135	0.000754716	135	-0.000438054	135	0.0005043	135	-8.21997E-5	135	0.000267064	135	0.000886514
136	0.000603149	136	0.000715177	136	0.000754716	136	-0.000398514	136	0.00052407	136	-8.21997E-5	136	0.000220935	136	0.000886514
137	0.000583379	137	0.000721767	137	0.000741536	137	-0.000365565	137	0.00053066	137	-0.000101969	137	0.000214345	137	0.000840385
138	0.000589969	138	0.000721767	138	0.000754716	138	-0.000378745	138	0.00051748	138	-8.21997E-5	138	0.000207755	138	0.000899694
139	0.000589969	139	0.000715177	139	0.000741536	139	-0.000365565	139	0.00053066	139	-0.000121739	139	0.000220935	139	0.000860154
140	0.000570199	140	0.000701997	140	0.000741536	140	-0.000477593	140	0.0005043	140	-8.87896E-5	140	0.000220935	140	0.000879924
141	0.000589969	141	0.000701997	141	0.000721767	141	-0.000444644	141	0.00053725	141	-9.53795E-5	141	0.000234115	141	0.000866744
142	0.000616329	142	0.000695407	142	0.000715177	142	-0.000424874	142	0.0005043	142	-4.92503E-5	142	0.000187986	142	0.000853565
143	0.000616329	143	0.000721767	143	0.000701997	143	-0.000438054	143	0.0005043	143	-6.90199E-5	143	0.000201166	143	0.000866744
144	0.000609739	144	0.000675638	144	0.000701997	144	-0.000471003	144	0.00051089	144	-6.24301E-5	144	0.000168216	144	0.000860154
145	0.000603149	145	0.000669048	145	0.000682227	145	-0.000405104	145	0.00051089	145	-5.58402E-5	145	0.000234115	145	0.000853565
146	0.000649278	146	0.000662458	146	0.000675638	146	-0.000503953	146	0.000491121	146	-4.92503E-5	146	0.000194576	146	0.000761306
147	0.000583379	147	0.000662458	147	0.000669048	147	-0.000365565	147	0.00051089	147	-8.21997E-5	147	0.000220935	147	0.000853565
148	0.000609739	148	0.000695407	148	0.000649278	148	-0.000563262	148	0.00054384	148	-6.24301E-5	148	0.000194576	148	0.000873334
149	0.000589969	149	0.000701997	149	0.000642688	149	-0.000385335	149	0.0005043	149	-5.58402E-5	149	0.000207755	149	0.000820615
150	0.000589969	150	0.000695407	150	0.000649278	150	-0.000418284	150	0.00051089	150	-6.24301E-5	150	0.000187986	150	0.000906284
151	0.00055702	151	0.000675638	151	0.000675638	151	-0.000411694	151	0.00051748	151	-5.58402E-5	151	0.000214345	151	0.000926053
152	0.000609739	152	0.000642688	152	0.000688817	152	-0.000411694	152	0.0005043	152	0.000128677	152	0.000155036	152	0.0010908
153	0.000583379	153	0.000695407	153	0.000721767	153	-0.000457823	153	0.0005043	153	0.000589969	153	0.000135267	153	0.00144006
154	0.000682227	154	0.000576789	154	0.000728357	154	-0.000438054	154	0.00132804	154	0.000965593	154	0.000115497	154	0.00182228
155	0.000629508	155	0.00055702	155	0.000741536	155	-0.000134919	155	0.0014796	155	0.00109739	155	0.000300014	155	0.00192772
156	0.000669048	156	0.000589969	156	0.000682227	156	-0.000299666	156	0.00183546	156	0.00117647	156	0.00053066	156	0.00225062
157	0.000655868	157	0.000596559	157	0.000655868	157	-0.000207408	157	0.00201998	157	0.00125555	157	0.000464761	157	0.00210564
158	0.000662458	158	0.000596559	158	0.000629508	158	-0.000246947	158	0.00203315	158	0.00126873	158	0.000596559	158	0.00214518
159	0.000682227	159	0.000622918	159	0.000603149	159	-0.000411694	159	0.0020068	159	0.0012885	159	0.000596559	159	0.00207928
160	0.000675638	160	0.000728357	160	0.000589969	160	-0.000233767	160	0.0020661	160	0.00126214	160	0.000563609	160	0.00211223
161	0.000682227	161	0.000662458	161	0.000596559	161	-0.000332616	161	0.00204633	161	0.00125555	161	0.000589969	161	0.00205951
162	0.000715177	162	0.000715177	162	0.000583379	162	-0.000385335	162	0.00217154	162	0.00123578	162	0.000655868	162	0.00213859
163	0.000695407	163	0.000688817	163	0.000589969	163	-0.000378745	163	0.00236265	163	0.00129509	163	0.000754716	163	0.00215177
164	0.000715177	164	0.000649278	164	0.000609739	164	-0.000326026	164	0.0025274	164	0.00138735	164	0.000853565	164	0.00230334
165	0.000701997	165	0.000642688	165	0.000622918	165	-0.000345795	165	0.00281076	165	0.0014203	165	0.000959003	165	0.00236265
166	0.000695407	166	0.000649278	166	0.000622918	166	-0.000194228	166	0.00302823	166	0.00155209	166	0.00111057	166	0.00250104
167	0.000708587	167	0.000721767	167	0.000616329	167	-0.000523722	167	0.00326546	167	0.00162458	167	0.00120283	167	0.00256694
168	0.000734947	168	0.000728357	168	0.000576789	168	-0.000174458	168	0.00356201	168	0.0017432	168	0.00138076	168	0.0027844
169	0.000708587	169	0.000754716	169	0.000616329	169	-0.000286486	169	0.00381243	169	0.00185523	169	0.00153232	169	0.00299528
170	0.000715177	170	0.000728357	170	0.000622918	170	-0.000273307	170	0.00404966	170	0.00198044	170	0.00173661	170	0.00313367
171	0.000728357	171	0.000701997	171	0.000642688	171	-0.000332616	171	0.00427372	171	0.0020661	171	0.00185523	171	0.00325887
172	0.000767896	172	0.000774486	172	0.000636098	172	-0.000260127	172	0.004478	172	0.00221108	172	0.00205292	172	0.00343021
173	0.000774486	173	0.000794256	173	0.000649278	173	-0.000161278	173	0.00468229	173	0.00223085	173	0.00221767	173	0.00358178
174	0.000814025	174	0.000873334	174	0.000649278	174	-0.000246947	174	0.0048734	174	0.00234947	174	0.00248127	174	0.00377948
175	0.000814025	175	0.000893104	175	0.000669048	175	-0.000438054	175	0.00504473	175	0.00244832	175	0.00266578	175	0.0039574
176	0.000800845	176	0.000965593	176	0.000695407	176	-9.53795E-5	176	0.00522925	176	0.00256694	176	0.00290961	176	0.00419464
177	0.000636098	177	0.000893104	177	0.000675638	177	-0.000273307	177	0.00545331	177	0.00265919	177	0.00308095	177	0.00439234
178	0.000860154	178	0.000952413	178	0.000701997	178	-0.000260127	178	0.00569713	178	0.00273827	178	0.00327205	178	0.00461639
179	0.000787666	179	0.000939233	179	0.000708587	179	-0.000266717	179	0.00598709	179	0.0028503	179	0.00350929	179	0.0048734
180	0.000893104	180	0.000985362	180	0.000695407	180	-0.000431464	180	0.00632976	180	0.00299528	180	0.00372017	180	0.00515676
181	0.000781076	181	0.000899694	181	0.000695407	181	-0.000319436	181	0.00659336	181	0.00313367	181	0.00391127	181	0.00546649
182	0.000866744	182	0.000919463	182	0.000708587	182	-0.000233767	182	0.0067647	182	0.00331159	182	0.00410897	182	0.0057169
183	0.000873334	183	0.00100513	183	0.000728357	183	-0.000161278	183	0.00688331	183	0.00342362	183	0.00430667	183	0.00592778
184	0.000800845	184	0.00101831	184	0.000708587	184	-0.000286486	184	0.00691626	184	0.00348293	184	0.0044187	184	0.00607935
185	0.000886514	185	0.0010249	185	0.000682227	185	-0.000227177	185	0.00692944	185	0.00349611	185	0.00459662	185	0.00627045
186	0.000939233	186	0.00100513	186	0.000642688	186	-0.000260127	186	0.00694262	186	0.00354883	186	0.00472842	186	0.00629022
187	0.000919463	187	0.00109739	187	0.000616329	187	-0.000339205	187	0.00692944	187	0.00360155	187	0.00488658	187	0.00638248
188	0.00112375	188	0.00107762	188	0.000596559	188	-0.000279896	188	0.00687013	188	0.00360814	188	0.00501838	188	0.00640225
189	0.00100513	189	0.00110398	189	0.000609739	189	-0.000319436	189	0.00681083	189	0.00362791	189	0.00511063	189	0.00649451
190	0.000991952	190	0.00111057	190	0.000609739	190	-0.000121739	190	0.00675811	190	0.00360155	190	0.0052622	190	0.00653405
191	0.00100513	191	0.00111716	191	0.000570199	191	-0.000220587	191	0.00661972	191	0.00361473	191	0.00534787	191	0.00658018
192	0.00104467	192	0.00118965	192	0.000563609	192	-0.000279896	192	0.0064352	192	0.0035686	192	0.00546649	192	0.00663949
193	0.000991952	193	0.00114352	193	0.00054384	193	-0.000332616	193	0.00632317	193	0.0035686	193	0.00553239	193	0.00659336
194	0.00103808	194	0.0011567	194	0.00051748	194	-0.000398514	194	0.00621774	194	0.00349611	194	0.00563123	194	0.00666585
195	0.00101831	195	0.00118306	195	0.0005043	195	-0.000332616	195	0.00608594	195	0.00345657	195	0.00573008	195	0.00663949
196	0.0010249	196	0.00116329	196	0.0005043	196	-0.000385335	196	0.00599368	196	0.00338408	196	0.00574985	196	0.00664608
197	0.00107103	197	0.00116988	197	0.000484531	197	-0.000451234	197	0.0058487	197	0.00332477	197	0.00594096	197	0.00666585
198	0.00101831	198	0.0011567	198	0.000471351	198	-0.000471003	198	0.00567736	198	0.0031798	198	0.00606617	198	0.00678447
199	0.00103149	199	0.00119624	199	0.000444991	199	-0.000405104	199	0.00555875	199	0.003048	199	0.00615184	199	0.0068306
200	0.00101831	200	0.00116988	200	0.000431812	200	-0.000352385	200	0.00540059	200	0.00296892	200	0.00625727	200	0.00687013
201	0.00105785	201	0.00117647	201	0.000431812	201	-0.000484183	201	0.00527538	201	0.00284371	201	0.00632317	201	0.00690967
202	0.00110398	202	0.0011567	202	0.000405452	202	-0.000319436	202	0.00517653	202	0.00273168	202	0.00640225	202	0.00696898
203	0.000998542	203	0.00116329	203	0.000405452	203	-0.000398514	203	0.00505132	203	0.0026526	203	0.00652087	203	0.00693603
204	0.00106444	204	0.00115011	204	0.000398862	204	-0.000484183	204	0.00499861	204	0.00258012	204	0.00658677	204	0.00706124
205	0.0010249	205	0.00120283	205	0.000365913	205	-0.000411694	205	0.00495907	205	0.00249445	205	0.00661972	205	0.00708101
206	0.000926053	206	0.00117647	206	0.000372503	206	-0.000358975	206	0.0049393	206	0.00244173	206	0.00671198	206	0.00724576
207	0.00101831	207	0.00118965	207	0.000359323	207	-0.000418284	207	0.00490635	207	0.00236265	207	0.00677788	207	0.00725894
208	0.0010908	208	0.00116329	208	0.000365913	208	-0.000181048	208	0.00484704	208	0.00230993	208	0.00681083	208	0.00741051
209	0.00100513	209	0.00129509	209	0.000372503	209	-0.000464413	209	0.00484045	209	0.00225062	209	0.00690967	209	0.0074171
210	0.00107762	210	0.00116329	210	0.000359323	210	-0.000398514	210	0.00478773	210	0.00220449	210	0.0069558	210	0.00750276
211	0.000939233	211	0.00117647	211	0.000346143	211	-0.000385335	211	0.00479432	211	0.00221108	211	0.00699534	211	0.00756207
212	0.000978772	212	0.00111057	212	0.000332963	212	-0.000411694	212	0.0047416	212	0.00211223	212	0.00704806	212	0.00761479
213	0.000972183	213	0.00117647	213	0.000359323	213	-0.000477593	213	0.00471524	213	0.00203315	213	0.00706783	213	0.00768069
214	0.00101831	214	0.0012226	214	0.000352733	214	-0.000385335	214	0.00468888	214	0.00201339	214	0.00712055	214	0.00770046
215	0.000959003	215	0.00119624	215	0.000372503	215	-0.000405104	215	0.00471524	215	0.00198044	215	0.00704147	215	0.00772682
216	0.00116988	216	0.0011567	216	0.000352733	216	-0.000220587	216	0.00472842	216	0.00199362	216	0.00703488	216	0.00768728
217	0.000886514	217	0.00116329	217	0.000418632	217	-0.000530312	217	0.00482068	217	0.00201998	217	0.00704147	217	0.00769387
218	0.00107762	218	0.00112375	218	0.000425222	218	-0.000431464	218	0.00487999	218	0.0020661	218	0.00700852	218	0.00777954
219	0.000912874	219	0.00111716	219	0.000471351	219	-0.000385335	219	0.0049393	219	0.0020661	219	0.0070217	219	0.0078718
220	0.0010249	220	0.00115011	220	0.000491121	220	-0.000385335	220	0.00497225	220	0.00209246	220	0.00706124	220	0.00790475
221	0.00103808	221	0.00123578	221	0.000464761	221	-0.000391925	221	0.0050052	221	0.00201998	221	0.00710078	221	0.00802996
222	0.00103808	222	0.0011567	222	0.000497711	222	-0.000253537	222	0.00504473	222	0.00207928	222	0.0071535	222	0.00811562
223	0.000906284	223	0.00122919	223	0.000497711	223	-0.000523722	223	0.00503155	223	0.00205292	223	0.00719304	223	0.00814857
224	0.0010249	224	0.00117647	224	0.00052407	224	-0.000418284	224	0.00505132	224	0.00205292	224	0.00733143	224	0.00821447
225	0.00101172	225	0.00121601	225	0.00053066	225	-0.000503953	225	0.00510404	225	0.00205951	225	0.00733802	225	0.00824083
226	0.000998542	226	0.00119624	226	0.00055043	226	-0.000181048	226	0.00509086	226	0.0020661	226	0.00743687	226	0.00837922
227	0.00103149	227	0.00124237	227	0.000563609	227	-0.000391925	227	0.00515017	227	0.0020661	227	0.00753571	227	0.00847148
228	0.00118306	228	0.00120942	228	0.000563609	228	-0.000378745	228	0.00507109	228	0.00207269	228	0.00768069	228	0.00855056
229	0.00100513	229	0.00123578	229	0.00055702	229	-0.000332616	229	0.00502496	229	0.00205292	229	0.00783885	229	0.00875484
230	0.0011567	230	0.00123578	230	0.000570199	230	-0.000345795	230	0.00491953	230	0.00202656	230	0.0080629	230	0.00879438
231	0.0010249	231	0.0012226	231	0.00053725	231	-0.000418284	231	0.00479432	231	0.0020068	231	0.0081947	231	0.00882074
232	0.00109739	232	0.00119624	232	0.00054384	232	-0.000398514	232	0.00470206	232	0.00196726	232	0.00836604	232	0.00886028
233	0.00107103	233	0.0012226	233	0.000563609	233	-0.000477593	233	0.00457026	233	0.00189477	233	0.0084583	233	0.00890641
234	0.00113034	234	0.00123578	234	0.00055043	234	-0.000378745	234	0.00446482	234	0.00189477	234	0.00853079	234	0.008913
235	0.00107103	235	0.00126873	235	0.00054384	235	-0.000286486	235	0.00431326	235	0.00179592	235	0.00861646	235	0.00878779
236	0.00110398	236	0.0012226	236	0.00053066	236	-0.000372155	236	0.00416169	236	0.00173002	236	0.0085901	236	0.00875484
237	0.00125555	237	0.00126214	237	0.000438402	237	-0.000312846	237	0.00406284	237	0.00167071	237	0.00851102	237	0.00848466
238	0.00104467	238	0.00124237	238	0.000431812	238	-0.000240357	238	0.00393104	238	0.00156527	238	0.00834627	238	0.00824083
239	0.00104467	239	0.00120283	239	0.000451581	239	-0.000431464	239	0.00383878	239	0.00149937	239	0.00809585	239	0.00795747
240	0.00112375	240	0.00125555	240	0.000477941	240	-0.000477593	240	0.00371358	240	0.0012885	240	0.0078718	240	0.00770046
241	0.000991952	241	0.00117647	241	0.000477941	241	-0.000260127	241	0.00358178	241	0.00120283	241	0.00762797	241	0.00739074
242	0.000926053	242	0.00116988	242	0.000471351	242	-0.000398514	242	0.0035027	242	0.00109739	242	0.00737756	242	0.00718645
243	0.00101172	243	0.00121601	243	0.000477941	243	-0.000319436	243	0.00341703	243	0.000939233	243	0.00725235	243	0.00703488
244	0.000972183	244	0.00117647	244	0.000464761	244	-0.000471003	244	0.00332477	244	0.000827205	244	0.00697557	244	0.00672516
245	0.000972183	245	0.00116329	245	0.000471351	245	-0.000306256	245	0.0032391	245	0.000787666	245	0.00669221	245	0.00653405
246	0.00101172	246	0.00118306	246	0.000484531	246	-0.000273307	246	0.00315344	246	0.000662458	246	0.00652087	246	0.00625727
247	0.000965593	247	0.00118306	247	0.000477941	247	-0.000629161	247	0.00303482	247	0.000563609	247	0.00622433	247	0.00592119
248	0.00116988	248	0.0011567	248	0.000484531	248	-0.000293076	248	0.00292279	248	0.000497711	248	0.00589483	248	0.00561147
249	0.000945823	249	0.00115011	249	0.000464761	249	-0.000457823	249	0.00276463	249	0.000425222	249	0.00563782	249	0.0052622
250	0.00105785	250	0.00122919	250	0.000431812	250	-0.000358975	250	0.00265919	250	0.000306604	250	0.00534787	250	0.00498543
251	0.0010249	251	0.0010908	251	0.000398862	251	-0.000391925	251	0.00256035	251	0.000293424	251	0.0050645	251	0.00465593
252	0.000906284	252	0.00106444	252	0.000392272	252	-0.000391925	252	0.00245491	252	0.000194576	252	0.00474819	252	0.00432644
253	0.000899694	253	0.00100513	253	0.000313194	253	-0.000391925	253	0.00234947	253	0.000168216	253	0.00445823	253	0.00403648
254	0.00101831	254	0.000886514	254	0.000306604	254	-0.000411694	254	0.00221108	254	7.59576E-5	254	0.00409579	254	0.00371358
255	0.000952413	255	0.000899694	255	0.000286834	255	-0.000128329	255	0.00207269	255	-9.71094E-6	255	0.00374653	255	0.00331818
256	0.000840385	256	0.000840385	256	0.000253885	256	-0.000345795	256	0.00190795	256	-3.60705E-5	256	0.00335772	256	0.00306777
257	0.00101172	257	0.000807435	257	0.000273654	257	-0.000115149	257	0.00173661	257	-0.000121739	257	0.00294915	257	0.00256694
258	0.000912874	258	0.000761306	258	0.000267064	258	-0.000279896	258	0.00155209	258	-0.000154689	258	0.00248786	258	0.00209905
259	0.000906284	259	0.000833795	259	0.000286834	259	-0.000391925	259	0.00136099	259	-0.000161278	259	0.00209246	259	0.00177615
260	0.000794256	260	0.000800845	260	0.000260475	260	-0.000299666	260	0.00123578	260	-0.000148099	260	0.00176297	260	0.00144006
261	0.000728357	261	0.000787666	261	0.000181396	261	-0.000326026	261	0.00103149	261	-0.000154689	261	0.0014796	261	0.00121601
262	0.000781076	262	0.000873334	262	0.000214345	262	-0.000530312	262	0.000959003	262	-0.000187638	262	0.00113693	262	0.000886514
263	0.000767896	263	0.000767896	263	0.000247295	263	-0.000345795	263	0.000866744	263	-0.000207408	263	0.000906284	263	0.000688817
264	0.000728357	264	0.000781076	264	0.000253885	264	-0.000391925	264	0.000840385	264	-0.000181048	264	0.000761306	264	0.00053725
265	0.000734947	265	0.000767896	265	0.000234115	265	-0.000398514	265	0.000787666	265	-0.000187638	265	0.000649278	265	0.00053725
266	0.000814025	266	0.000754716	266	0.000253885	266	-0.000497363	266	0.000807435	266	-0.000200818	266	0.000701997	266	0.000464761
267	0.000748126	267	0.000728357	267	0.000260475	267	-0.000312846	267	0.000787666	267	-0.000187638	267	0.000721767	267	0.00054384
268	0.000695407	268	0.000754716	268	0.000220935	268	-0.000293076	268	0.000820615	268	-0.000174458	268	0.000669048	268	0.00051089
269	0.000814025	269	0.000754716	269	0.000247295	269	-0.000286486	269	0.000767896	269	-0.000181048	269	0.000701997	269	0.000570199
270	0.000734947	270	0.000754716	270	0.000247295	270	-0.000411694	270	0.000800845	270	-0.000161278	270	0.000728357	270	0.000570199
271	0.000800845	271	0.000708587	271	0.000227525	271	-0.000431464	271	0.000767896	271	-0.000181048	271	0.000669048	271	0.00055043
272	0.000774486	272	0.000715177	272	0.000240705	272	-0.000365565	272	0.000787666	272	-0.000167868	272	0.000669048	272	0.00055043
273	0.000761306	273	0.000701997	273	0.000253885	273	-0.000345795	273	0.000800845	273	-0.000187638	273	0.000675638	273	0.00053066
274	0.000774486	274	0.000734947	274	0.000253885	274	-0.000266717	274	0.000787666	274	-0.000181048	274	0.000688817	274	0.000563609
275	0.000820615	275	0.000741536	275	0.000253885	275	-0.000602801	275	0.000787666	275	-0.000174458	275	0.000675638	275	0.00051089
276	0.000807435	276	0.000701997	276	0.000234115	276	-0.000174458	276	0.000787666	276	-0.000207408	276	0.000669048	276	0.00055043
277	0.000840385	277	0.000734947	277	0.000253885	277	-0.000293076	277	0.000800845	277	-0.000207408	277	0.000636098	277	0.000563609
278	0.000886514	278	0.000715177	278	0.000240705	278	-0.000339205	278	0.000767896	278	-0.000174458	278	0.000603149	278	0.00053066
279	0.000860154	279	0.000715177	279	0.000247295	279	-0.000385335	279	0.000800845	279	-0.000187638	279	0.000629508	279	0.00051748
280	0.000800845	280	0.000622918	280	0.000253885	280	-0.000372155	280	0.000754716	280	-0.000134919	280	0.000629508	280	0.00053725
281	0.000820615	281	0.000781076	281	0.000253885	281	-0.000299666	281	0.000774486	281	-0.000187638	281	0.000622918	281	0.000583379
282	0.000767896	282	0.000721767	282	0.000260475	282	-0.000293076	282	0.000748126	282	-0.000161278	282	0.000655868	282	0.000563609
283	0.000827205	283	0.000767896	283	0.000234115	283	-0.000286486	283	0.000728357	283	-0.000161278	283	0.000675638	283	0.000576789
284	0.000715177	284	0.000754716	284	0.000260475	284	-0.000385335	284	0.000721767	284	-0.000200818	284	0.000596559	284	0.000596559
285	0.000754716	285	0.000748126	285	0.000253885	285	-0.000233767	285	0.000734947	285	-0.000174458	285	0.000589969	285	0.000589969
286	0.000767896	286	0.000734947	286	0.000247295	286	-0.000345795	286	0.000734947	286	-0.000187638	286	0.000622918	286	0.000570199
287	0.000893104	287	0.000761306	287	0.000260475	287	-0.000405104	287	0.000741536	287	-0.000200818	287	0.000616329	287	0.0005043
288	0.000860154	288	0.000708587	288	0.000253885	288	-0.000227177	288	0.000728357	288	-0.000174458	288	0.000596559	288	0.000589969
289	0.000807435	289	0.000715177	289	0.000253885	289	-0.000438054	289	0.000701997	289	-0.000194228	289	0.000596559	289	0.00051089
290	0.000840385	290	0.000715177	290	0.000247295	290	-0.000319436	290	0.000754716	290	-0.000200818	290	0.000616329	290	0.000616329
291	0.000800845	291	0.000781076	291	0.000267064	291	-0.000273307	291	0.000734947	291	-0.000167868	291	0.000616329	291	0.000576789
292	0.000695407	292	0.000734947	292	0.000234115	292	-0.000444644	292	0.000721767	292	-0.000220587	292	0.000622918	292	0.00053066
293	0.000774486	293	0.000774486	293	0.000234115	293	-0.000326026	293	0.000767896	293	-0.000194228	293	0.000701997	293	0.000563609
294	0.000794256	294	0.000728357	294	0.000260475	294	-0.000444644	294	0.000781076	294	-0.000148099	294	0.000589969	294	0.000563609
295	0.000767896	295	0.000767896	295	0.000247295	295	-0.000240357	295	0.000741536	295	-0.000181048	295	0.000622918	295	0.00052407
296	0.000787666	296	0.000708587	296	0.000247295	296	-0.000583031	296	0.000754716	296	-0.000174458	296	0.000603149	296	0.00055043
297	0.000873334	297	0.000741536	297	0.000234115	297	-0.000299666	297	0.000781076	297	-0.000187638	297	0.000622918	297	0.00054384
298	0.000767896	298	0.000761306	298	0.000240705	298	-0.000332616	298	0.000754716	298	-0.000174458	298	0.000669048	298	0.000563609
299	0.000787666	299	0.000774486	299	0.000247295	299	-0.000279896	299	0.000781076	299	-0.000167868	299	0.000636098	299	0.000563609
300	0.000741536	300	0.000728357	300	0.000260475	300	-0.000352385	300	0.000734947	300	-0.000174458	300	0.000642688	300	0.00053725
301	0.000794256	301	0.000794256	301	0.000280244	301	-0.000398514	301	0.000748126	301	-0.000167868	301	0.000629508	301	0.00054384
302	0.000840385	302	0.000721767	302	0.000267064	302	-0.000312846	302	0.000761306	302	-0.000207408	302	0.000589969	302	0.000570199
303	0.000787666	303	0.000741536	303	0.000260475	303	-0.000471003	303	0.000734947	303	-0.000194228	303	0.000682227	303	0.00053066
304	0.000840385	304	0.000715177	304	0.000260475	304	-0.000424874	304	0.000741536	304	-0.000181048	304	0.000616329	304	0.00051748
305	0.000794256	305	0.000701997	305	0.000260475	305	-0.000227177	305	0.000767896	305	-0.000181048	305	0.000649278	305	0.00055043
306	0.000728357	306	0.000734947	306	0.000260475	306	-0.000503953	306	0.000748126	306	-0.000181048	306	0.000649278	306	0.00054384
307	0.000767896	307	0.000728357	307	0.000253885	307	-0.000266717	307	0.000748126	307	-0.000167868	307	0.000629508	307	0.000563609
308	0.000603149	308	0.000741536	308	0.000253885	308	-0.000391925	308	0.000761306	308	-0.000181048	308	0.000642688	308	0.00053725
309	0.000814025	309	0.000787666	309	0.000247295	309	-0.000471003	309	0.000767896	309	-0.000194228	309	0.000636098	309	0.00053066
310	0.000787666	310	0.000741536	310	0.000267064	310	-0.000424874	310	0.000748126	310	-0.000194228	310	0.000622918	310	0.00052407
311	0.000721767	311	0.000748126	311	0.000260475	311	-0.000385335	311	0.000767896	311	-0.000200818	311	0.000616329	311	0.000497711
312	0.000833795	312	0.000728357	312	0.000267064	312	-0.000326026	312	0.000734947	312	-0.000194228	312	0.000609739	312	0.000563609
313	0.000807435	313	0.000741536	313	0.000273654	313	-0.000213998	313	0.000734947	313	-0.000167868	313	0.000662458	313	0.00054384
314	0.000748126	314	0.000761306	314	0.000273654	314	-0.000345795	314	0.000767896	314	-0.000200818	314	0.000629508	314	0.000563609
315	0.000761306	315	0.000767896	315	0.000273654	315	-0.000405104	315	0.000754716	315	-0.000187638	315	0.000622918	315	0.000570199
316	0.000814025	316	0.000721767	316	0.000260475	316	-0.000424874	316	0.000754716	316	-0.000194228	316	0.000596559	316	0.000583379
317	0.000715177	317	0.000728357	317	0.000267064	317	-0.000253537	317	0.000754716	317	-0.000200818	317	0.000596559	317	0.00054384
318	0.000761306	318	0.000781076	318	0.000260475	318	-0.000286486	318	0.000741536	318	-0.000194228	318	0.000629508	318	0.000609739
319	0.000754716	319	0.000708587	319	0.000280244	319	-0.000279896	319	0.000748126	319	-0.000181048	319	0.000629508	319	0.00055702
320	0.000774486	320	0.000748126	320	0.000273654	320	-0.000405104	320	0.000741536	320	-0.000161278	320	0.000622918	320	0.000563609
321	0.000794256	321	0.000682227	321	0.000293424	321	-0.000411694	321	0.000741536	321	-0.000167868	321	0.000629508	321	0.00055043
322	0.000860154	322	0.000721767	322	0.000260475	322	-0.000418284	322	0.000748126	322	-0.000181048	322	0.000609739	322	0.0005043
323	0.000774486	323	0.000761306	323	0.000280244	323	-0.000497363	323	0.000734947	323	-0.000148099	323	0.000589969	323	0.00054384
324	0.000846975	324	0.000721767	324	0.000267064	324	-0.000332616	324	0.000754716	324	-0.000181048	324	0.000636098	324	0.00055043
325	0.000754716	325	0.000721767	325	0.000260475	325	-0.000576441	325	0.000748126	325	-0.000200818	325	0.000629508	325	0.00054384
326	0.000820615	326	0.000741536	326	0.000247295	326	-0.000438054	326	0.000761306	326	-0.000187638	326	0.000629508	326	0.000497711
327	0.000715177	327	0.000754716	327	0.000273654	327	-0.000418284	327	0.000774486	327	-0.000187638	327	0.000622918	327	0.00051089
328	0.000906284	328	0.000708587	328	0.000273654	328	-0.000418284	328	0.000754716	328	-0.000194228	328	0.000649278	328	0.000570199
329	0.000761306	329	0.000767896	329	0.000253885	329	-0.000306256	329	0.000754716	329	-0.000174458	329	0.000629508	329	0.00055702
330	0.000728357	330	0.000708587	330	0.000260475	330	-0.000418284	330	0.000748126	330	-0.000161278	330	0.000642688	330	0.00055043
331	0.000794256	331	0.000734947	331	0.000260475	331	-0.000372155	331	0.000767896	331	-0.000154689	331	0.000655868	331	0.000583379
332	0.000814025	332	0.000715177	332	0.000260475	332	-0.000444644	332	0.000781076	332	-0.000167868	332	0.000655868	332	0.00053725
333	0.000781076	333	0.000701997	333	0.000267064	333	-0.000497363	333	0.000774486	333	-0.000181048	333	0.000616329	333	0.00053725
334	0.000774486	334	0.000728357	334	0.000267064	334	-0.000385335	334	0.000734947	334	-0.000167868	334	0.000682227	334	0.00054384
335	0.000767896	335	0.000675638	335	0.000267064	335	-0.000352385	335	0.000734947	335	-0.000167868	335	0.000662458	335	0.000563609
336	0.000754716	336	0.000721767	336	0.000260475	336	-0.000464413	336	0.000774486	336	-0.000174458	336	0.000642688	336	0.00055043
337	0.000748126	337	0.000754716	337	0.000253885	337	-0.000438054	337	0.000754716	337	-0.000181048	337	0.000609739	337	0.000563609
338	0.000800845	338	0.000715177	338	0.000280244	338	-0.000299666	338	0.000741536	338	-0.000167868	338	0.000629508	338	0.00053066
339	0.000840385	339	0.000721767	339	0.000267064	339	-0.000398514	339	0.000728357	339	-0.000181048	339	0.000642688	339	0.00052407
340	0.000767896	340	0.000701997	340	0.000267064	340	-0.000405104	340	0.000734947	340	-0.000187638	340	0.000629508	340	0.00053725
341	0.000715177	341	0.000728357	341	0.000273654	341	-0.000339205	341	0.000748126	341	-0.000181048	341	0.000675638	341	0.000589969
342	0.000800845	342	0.000734947	342	0.000260475	342	-0.000596211	342	0.000748126	342	-0.000200818	342	0.000616329	342	0.00053066
343	0.000807435	343	0.000741536	343	0.000253885	343	-0.000319436	343	0.000761306	343	-0.000187638	343	0.000669048	343	0.00053066
344	0.000701997	344	0.000748126	344	0.000267064	344	-0.000398514	344	0.000761306	344	-0.000181048	344	0.000695407	344	0.00055043
345	0.000853565	345	0.000734947	345	0.000240705	345	-0.000266717	345	0.000741536	345	-0.000148099	345	0.000636098	345	0.000603149
346	0.000695407	346	0.000748126	346	0.000247295	346	-0.000391925	346	0.000748126	346	-0.000181048	346	0.000636098	346	0.00051089
347	0.000774486	347	0.000701997	347	0.000240705	347	-0.000405104	347	0.000761306	347	-0.000194228	347	0.000655868	347	0.00053725
348	0.000787666	348	0.000728357	348	0.000234115	348	-0.000213998	348	0.000761306	348	-0.000194228	348	0.000675638	348	0.00053066
349	0.000794256	349	0.000715177	349	0.000227525	349	-0.000332616	349	0.000748126	349	-0.000167868	349	0.000642688	349	0.00052407
350	0.000734947	350	0.000715177	350	0.000240705	350	-0.000372155	350	0.000767896	350	-0.000181048	350	0.000616329	350	0.000576789
351	0.000767896	351	0.000748126	351	0.000273654	351	-0.000365565	351	0.000767896	351	-0.000154689	351	0.000655868	351	0.000576789
352	0.000807435	352	0.000741536	352	0.000240705	352	-0.000523722	352	0.000748126	352	-0.000187638	352	0.000603149	352	0.00055702
353	0.000866744	353	0.000741536	353	0.000260475	353	-0.000418284	353	0.000754716	353	-0.000194228	353	0.000669048	353	0.00055043
354	0.000893104	354	0.000701997	354	0.000253885	354	-0.000444644	354	0.000721767	354	-0.000174458	354	0.000655868	354	0.000609739
355	0.000860154	355	0.000688817	355	0.000247295	355	-0.000306256	355	0.000754716	355	-0.000167868	355	0.000682227	355	0.00054384
356	0.000767896	356	0.000734947	356	0.000247295	356	-0.000464413	356	0.000734947	356	-0.000181048	356	0.000662458	356	0.000563609
357	0.000741536	357	0.000794256	357	0.000247295	357	-0.000438054	357	0.000741536	357	-0.000227177	357	0.000669048	357	0.00055043
358	0.000787666	358	0.000675638	358	0.000247295	358	-0.000431464	358	0.000748126	358	-0.000194228	358	0.000622918	358	0.0005043
359	0.000734947	359	0.000761306	359	0.000240705	359	-0.000411694	359	0.000767896	359	-0.000174458	359	0.000642688	359	0.00055702
360	0.000794256	360	0.000708587	360	0.000253885	360	-0.000339205	360	0.000767896	360	-0.000174458	360	0.000629508	360	0.00053725
361	0.000827205	361	0.000728357	361	0.000240705	361	-0.000299666	361	0.000741536	361	-0.000154689	361	0.000675638	361	0.00055043
362	0.000748126	362	0.000728357	362	0.000267064	362	-0.000471003	362	0.000748126	362	-0.000181048	362	0.000682227	362	0.00053725
363	0.000787666	363	0.000728357	363	0.000247295	363	-0.000227177	363	0.000754716	363	-0.000187638	363	0.000616329	363	0.00055043
364	0.000754716	364	0.000754716	364	0.000253885	364	-0.000385335	364	0.000728357	364	-0.000187638	364	0.000655868	364	0.000609739
365	0.000840385	365	0.000728357	365	0.000253885	365	-0.000358975	365	0.000741536	365	-0.000187638	365	0.000642688	365	0.00055702
366	0.000787666	366	0.000715177	366	0.000247295	366	-0.000332616	366	0.000761306	366	-0.000194228	366	0.000675638	366	0.00055043
367	0.000754716	367	0.000748126	367	0.000253885	367	-0.000398514	367	0.000748126	367	-0.000174458	367	0.000669048	367	0.00055043
368	0.000774486	368	0.000721767	368	0.000260475	368	-0.000477593	368	0.000754716	368	-0.000207408	368	0.000629508	368	0.00055043
369	0.000761306	369	0.000734947	369	0.000247295	369	-0.000352385	369	0.000734947	369	-0.000194228	369	0.000655868	369	0.000563609
370	0.000787666	370	0.000701997	370	0.000240705	370	-0.000497363	370	0.000774486	370	-0.000187638	370	0.000669048	370	0.00053725
371	0.000781076	371	0.000728357	371	0.000240705	371	-0.000424874	371	0.000774486	371	-0.000161278	371	0.000596559	371	0.000583379
372	0.000748126	372	0.000708587	372	0.000214345	372	-0.000372155	372	0.000767896	372	-0.000200818	372	0.000642688	372	0.000484531
373	0.000741536	373	0.000734947	373	0.000227525	373	-0.000569852	373	0.000761306	373	-0.000174458	373	0.000603149	373	0.000563609
374	0.000893104	374	0.000695407	374	0.000234115	374	-0.000167868	374	0.000774486	374	-0.000174458	374	0.000649278	374	0.0005043
375	0.000748126	375	0.000721767	375	0.000234115	375	-0.000365565	375	0.000748126	375	-0.000187638	375	0.000629508	375	0.00055043
376	0.000807435	376	0.000715177	376	0.000247295	376	-0.000266717	376	0.000734947	376	-0.000181048	376	0.000629508	376	0.00053725
377	0.000787666	377	0.000669048	377	0.000220935	377	-0.000391925	377	0.000781076	377	-0.000181048	377	0.000616329	377	0.00052407
378	0.000873334	378	0.000734947	378	0.000234115	378	-0.000444644	378	0.000728357	378	-0.000167868	378	0.000655868	378	0.000563609
379	0.000767896	379	0.000669048	379	0.000247295	379	-0.000260127	379	0.000767896	379	-0.000187638	379	0.000622918	379	0.00053066
380	0.000682227	380	0.000662458	380	0.000247295	380	-0.000385335	380	0.000774486	380	-0.000207408	380	0.000675638	380	0.000570199
381	0.000754716	381	0.000682227	381	0.000240705	381	-0.000345795	381	0.000781076	381	-0.000187638	381	0.000609739	381	0.000563609
382	0.000781076	382	0.000636098	382	0.000234115	382	-0.000319436	382	0.000734947	382	-0.000174458	382	0.000636098	382	0.000477941
383	0.000754716	383	0.000649278	383	0.000247295	383	-0.000358975	383	0.000748126	383	-0.000174458	383	0.000629508	383	0.00051089
384	0.000688817	384	0.000636098	384	0.000247295	384	-0.000372155	384	0.000767896	384	-0.000174458	384	0.000642688	384	0.00051089
385	0.000701997	385	0.000649278	385	0.000227525	385	-0.000339205	385	0.000754716	385	-0.000181048	385	0.000609739	385	0.00054384
386	0.000754716	386	0.000669048	386	0.000240705	386	-0.000378745	386	0.000754716	386	-0.000167868	386	0.000669048	386	0.00053066
387	0.000814025	387	0.000603149	387	0.000234115	387	-0.000339205	387	0.000701997	387	-0.000161278	387	0.000603149	387	0.00054384
388	0.000781076	388	0.000616329	388	0.000227525	388	-0.000339205	388	0.000748126	388	-0.000141509	388	0.000596559	388	0.000484531
389	0.000734947	389	0.00055043	389	0.000247295	389	-0.000378745	389	0.000767896	389	-0.000181048	389	0.00055043	389	0.00052407
390	0.000767896	390	0.000609739	390	0.000227525	390	-0.000418284	390	0.000728357	390	-0.000181048	390	0.000629508	390	0.00055043
391	0.000754716	391	0.000636098	391	0.000227525	391	-0.000589621	391	0.000741536	391	-0.000174458	391	0.000622918	391	0.000563609
392	0.000748126	392	0.000616329	392	0.000201166	392	-0.000358975	392	0.000754716	392	-0.000187638	392	0.000622918	392	0.000464761
393	0.000563609	393	0.000596559	393	0.000240705	393	-0.000457823	393	0.000748126	393	-0.000187638	393	0.000609739	393	0.000603149
394	0.000827205	394	0.000583379	394	0.000247295	394	-0.000326026	394	0.000754716	394	-0.000161278	394	0.000596559	394	0.0005043
395	0.000695407	395	0.000622918	395	0.000247295	395	-0.000312846	395	0.000695407	395	-0.000181048	395	0.000622918	395	0.000570199
396	0.000688817	396	0.000669048	396	0.000273654	396	-0.000378745	396	0.000748126	396	-0.000200818	396	0.000629508	396	0.00055043
397	0.000741536	397	0.000576789	397	0.000240705	397	-0.000385335	397	0.000761306	397	-0.000161278	397	0.000616329	397	0.00054384
398	0.000761306	398	0.000589969	398	0.000214345	398	-0.000293076	398	0.000741536	398	-0.000187638	398	0.000622918	398	0.00053066
399	0.000781076	399	0.000603149	399	0.000234115	399	-0.000299666	399	0.000748126	399	-0.000187638	399	0.000622918	399	0.00055043
400	0.000708587	400	0.000589969	400	0.000234115	400	-0.000326026	400	0.000734947	400	-0.000174458	400	0.000622918	400	0.000563609
401	0.000781076	401	0.000583379	401	0.000234115	401	-0.000424874	401	0.000754716	401	-0.000187638	401	0.000649278	401	0.000616329
402	0.000774486	402	0.000603149	402	0.000240705	402	-0.000438054	402	0.000728357	402	-0.000134919	402	0.000629508	402	0.00055043
403	0.000781076	403	0.000609739	403	0.000227525	403	-0.000312846	403	0.000695407	403	-0.000207408	403	0.000616329	403	0.00055043
404	0.000741536	404	0.000596559	404	0.000240705	404	-0.000444644	404	0.000734947	404	-0.000181048	404	0.000616329	404	0.00052407
405	0.000721767	405	0.00051089	405	0.000220935	405	-0.000378745	405	0.000715177	405	-0.000148099	405	0.000616329	405	0.000477941
406	0.000754716	406	0.000596559	406	0.000227525	406	-0.000358975	406	0.000728357	406	-0.000148099	406	0.000642688	406	0.000583379
407	0.000774486	407	0.000583379	407	0.000240705	407	-0.000457823	407	0.000734947	407	-0.000187638	407	0.000629508	407	0.00055043
408	0.000860154	408	0.000576789	408	0.000220935	408	-0.000286486	408	0.000695407	408	-0.000167868	408	0.000616329	408	0.00052407
409	0.000774486	409	0.000583379	409	0.000207755	409	-0.000312846	409	0.000741536	409	-0.000161278	409	0.000682227	409	0.00055043
410	0.000787666	410	0.000576789	410	0.000227525	410	-0.000358975	410	0.000734947	410	-0.000187638	410	0.000589969	410	0.00055702
411	0.000794256	411	0.000603149	411	0.000201166	411	-0.000312846	411	0.000767896	411	-0.000181048	411	0.000616329	411	0.00051748
412	0.000781076	412	0.000589969	412	0.000201166	412	-0.000246947	412	0.000695407	412	-0.000174458	412	0.000609739	412	0.000563609
413	0.000814025	413	0.000589969	413	0.000174806	413	-0.000299666	413	0.000734947	413	-0.000167868	413	0.000655868	413	0.00054384
414	0.000774486	414	0.000603149	414	0.000187986	414	-0.000352385	414	0.000754716	414	-0.000194228	414	0.000603149	414	0.000583379
415	0.000873334	415	0.000570199	415	0.000155036	415	-0.000194228	415	0.000761306	415	-0.000200818	415	0.000616329	415	0.00055043
416	0.000715177	416	0.000636098	416	0.000155036	416	-0.000273307	416	0.000761306	416	-0.000200818	416	0.000642688	416	0.000596559
417	0.000761306	417	0.000636098	417	0.000181396	417	-0.000312846	417	0.000741536	417	-0.000181048	417	0.000649278	417	0.00053066
418	0.000840385	418	0.000603149	418	0.000161626	418	-0.000128329	418	0.000734947	418	-0.000181048	418	0.000629508	418	0.00054384
419	0.000827205	419	0.000622918	419	0.000174806	419	-0.000240357	419	0.000734947	419	-0.000187638	419	0.000675638	419	0.00055702
420	0.000728357	420	0.000649278	420	0.000168216	420	-0.000332616	420	0.000728357	420	-0.000174458	420	0.000642688	420	0.00055702
421	0.000741536	421	0.000662458	421	0.000174806	421	-0.000279896	421	0.000761306	421	-0.000167868	421	0.000682227	421	0.000603149
422	0.000708587	422	0.000682227	422	0.000155036	422	-0.000306256	422	0.000741536	422	-0.000167868	422	0.000701997	422	0.00054384
423	0.000761306	423	0.000655868	423	0.000194576	423	-0.000279896	423	0.000715177	423	-0.000194228	423	0.000655868	423	0.000603149
424	0.000655868	424	0.000682227	424	0.000181396	424	-0.000365565	424	0.000781076	424	-0.000194228	424	0.000688817	424	0.00054384
425	0.000728357	425	0.000682227	425	0.000174806	425	-0.000352385	425	0.000748126	425	-0.000213998	425	0.000675638	425	0.00054384
426	0.000774486	426	0.000741536	426	0.000174806	426	-0.000134919	426	0.000728357	426	-0.000181048	426	0.000701997	426	0.00055702
427	0.000853565	427	0.000708587	427	0.000168216	427	-0.000339205	427	0.000734947	427	-0.000207408	427	0.000675638	427	0.000491121
428	0.000787666	428	0.000695407	428	0.000168216	428	-0.000227177	428	0.000721767	428	-0.000174458	428	0.000662458	428	0.000570199
429	0.000774486	429	0.000669048	429	0.000168216	429	-0.000332616	429	0.000781076	429	-0.000161278	429	0.000734947	429	0.00054384
430	0.000800845	430	0.000695407	430	0.000161626	430	-0.0006687	430	0.000754716	430	-0.000161278	430	0.000675638	430	0.00055043
431	0.000761306	431	0.000734947	431	0.000161626	431	-0.000174458	431	0.000774486	431	-0.000161278	431	0.000715177	431	0.00051748
432	0.000701997	432	0.000728357	432	0.000174806	432	-0.000405104	432	0.000761306	432	-0.000181048	432	0.000688817	432	0.000603149
433	0.000853565	433	0.000748126	433	0.000187986	433	-0.000332616	433	0.000781076	433	-0.000167868	433	0.000701997	433	0.00053066
434	0.000754716	434	0.000807435	434	0.000201166	434	-0.000326026	434	0.000761306	434	-0.000167868	434	0.000669048	434	0.000464761
435	0.000734947	435	0.000781076	435	0.000187986	435	-0.000451234	435	0.000761306	435	-0.000174458	435	0.000695407	435	0.0005043
436	0.000767896	436	0.000794256	436	0.000187986	436	-0.000279896	436	0.000761306	436	-0.000174458	436	0.000708587	436	0.00053066
437	0.000754716	437	0.000761306	437	0.000181396	437	-0.000365565	437	0.000761306	437	-0.000161278	437	0.000695407	437	0.00054384
438	0.000866744	438	0.000807435	438	0.000168216	438	-0.000227177	438	0.000754716	438	-0.000200818	438	0.000761306	438	0.000596559
439	0.000774486	439	0.000781076	439	0.000207755	439	-0.000326026	439	0.000748126	439	-0.000181048	439	0.000701997	439	0.000491121
440	0.000794256	440	0.000774486	440	0.000207755	440	-3.12105E-6	440	0.000767896	440	-0.000161278	440	0.000721767	440	0.000570199
441	0.000748126	441	0.000787666	441	0.000201166	441	-0.000358975	441	0.000761306	441	-0.000181048	441	0.000675638	441	0.000583379
442	0.000833795	442	0.000800845	442	0.000201166	442	-0.000385335	442	0.000761306	442	-0.000181048	442	0.000728357	442	0.000484531
443	0.000754716	443	0.000774486	443	0.000201166	443	-0.000299666	443	0.000761306	443	-0.000194228	443	0.000728357	443	0.00051089
444	0.000701997	444	0.000827205	444	0.000214345	444	-0.000431464	444	0.000787666	444	-0.000174458	444	0.000734947	444	0.00051748
445	0.000748126	445	0.000761306	445	0.000227525	445	-0.000378745	445	0.000741536	445	-0.000174458	445	0.000701997	445	0.000616329
446	0.000721767	446	0.000767896	446	0.000220935	446	-0.000411694	446	0.000794256	446	-0.000220587	446	0.000708587	446	0.00055702
447	0.000701997	447	0.000807435	447	0.000227525	447	-0.000405104	447	0.000767896	447	-0.000194228	447	0.000688817	447	0.00053725
448	0.000728357	448	0.000794256	448	0.000214345	448	-0.000451234	448	0.000774486	448	-0.000187638	448	0.000701997	448	0.00055702
449	0.000708587	449	0.000794256	449	0.000234115	449	-0.000398514	449	0.000781076	449	-0.000174458	449	0.000688817	449	0.000589969
450	0.000754716	450	0.000781076	450	0.000194576	450	-0.000345795	450	0.000787666	450	-0.000187638	450	0.000675638	450	0.000477941
451	0.000682227	451	0.000794256	451	0.000181396	451	-0.000405104	451	0.000767896	451	-0.000161278	451	0.000708587	451	0.00054384
452	0.000662458	452	0.000761306	452	0.000207755	452	-0.000378745	452	0.000794256	452	-0.000161278	452	0.000688817	452	0.000570199
453	0.000734947	453	0.000754716	453	0.000194576	453	-0.000339205	453	0.000781076	453	-0.000200818	453	0.000669048	453	0.00055702
454	0.000708587	454	0.000774486	454	0.000201166	454	-0.000312846	454	0.000761306	454	-0.000167868	454	0.000682227	454	0.00052407
455	0.000781076	455	0.000781076	455	0.000214345	455	-0.000345795	455	0.000767896	455	-0.000213998	455	0.000642688	455	0.00054384
456	0.000866744	456	0.000695407	456	0.000194576	456	-0.000299666	456	0.000781076	456	-0.000154689	456	0.000682227	456	0.00054384
457	0.000781076	457	0.000800845	457	0.000187986	457	-0.000405104	457	0.000754716	457	-0.000181048	457	0.000669048	457	0.000497711
458	0.000820615	458	0.000754716	458	0.000181396	458	-0.000266717	458	0.000761306	458	-0.000187638	458	0.000688817	458	0.00055043
459	0.000734947	459	0.000827205	459	0.000201166	459	-0.000319436	459	0.000754716	459	-0.000148099	459	0.000662458	459	0.00054384
460	0.000708587	460	0.000774486	460	0.000207755	460	-0.000345795	460	0.000754716	460	-0.000200818	460	0.000688817	460	0.000576789
461	0.000787666	461	0.000761306	461	0.000194576	461	-0.000260127	461	0.000800845	461	-0.000167868	461	0.000655868	461	0.000497711
462	0.000787666	462	0.000761306	462	0.000194576	462	-8.87896E-5	462	0.000767896	462	-0.000187638	462	0.000669048	462	0.000563609
463	0.000787666	463	0.000787666	463	0.000201166	463	-0.000503953	463	0.000781076	463	-0.000194228	463	0.000682227	463	0.000471351
464	0.000781076	464	0.000734947	464	0.000194576	464	-0.000352385	464	0.000761306	464	-0.000181048	464	0.000649278	464	0.000477941
465	0.000734947	465	0.000807435	465	0.000207755	465	-0.000339205	465	0.000754716	465	-0.000167868	465	0.000675638	465	0.000576789
466	0.000701997	466	0.000734947	466	0.000194576	466	-0.000352385	466	0.000794256	466	-0.000174458	466	0.000682227	466	0.000609739
467	0.000800845	467	0.000748126	467	0.000168216	467	-0.000326026	467	0.000754716	467	-0.000161278	467	0.000655868	467	0.00053066
468	0.000827205	468	0.000655868	468	0.000181396	468	-0.000326026	468	0.000741536	468	-0.000167868	468	0.000675638	468	0.00053725
469	0.000741536	469	0.000715177	469	0.000168216	469	-0.000411694	469	0.000767896	469	-0.000174458	469	0.000596559	469	0.00054384
470	0.000701997	470	0.000708587	470	0.000168216	470	-0.000299666	470	0.000774486	470	-0.000181048	470	0.000682227	470	0.000464761
471	0.000748126	471	0.000655868	471	0.000174806	471	-0.000517132	471	0.000748126	471	-0.000187638	471	0.000655868	471	0.000491121
472	0.000853565	472	0.000649278	472	0.000161626	472	-0.000260127	472	0.000781076	472	-0.000148099	472	0.000662458	472	0.000497711
473	0.000636098	473	0.000688817	473	0.000155036	473	-0.000438054	473	0.000748126	473	-0.000213998	473	0.000669048	473	0.000576789
474	0.000767896	474	0.000695407	474	0.000174806	474	-0.000279896	474	0.000761306	474	-0.000194228	474	0.000622918	474	0.000576789
475	0.000748126	475	0.000629508	475	0.000155036	475	-0.000293076	475	0.000761306	475	-0.000154689	475	0.000642688	475	0.00051089
476	0.000814025	476	0.000642688	476	0.000148446	476	-0.000398514	476	0.000774486	476	-0.000194228	476	0.000629508	476	0.000491121
477	0.000767896	477	0.000616329	477	0.000168216	477	-0.000279896	477	0.000761306	477	-0.000181048	477	0.000649278	477	0.000589969
478	0.000800845	478	0.000570199	478	0.000128677	478	-0.000246947	478	0.000761306	478	-0.000148099	478	0.000589969	478	0.000563609
479	0.000701997	479	0.000629508	479	0.000141857	479	-0.000385335	479	0.000754716	479	-0.000194228	479	0.000649278	479	0.00051089
480	0.000734947	480	0.000622918	480	0.000181396	480	-0.000471003	480	0.000774486	480	-0.000207408	480	0.000471351	480	0.000563609
481	0.000781076	481	0.000636098	481	0.000220935	481	-0.000213998	481	0.000688817	481	-0.000161278	481	0.00053066	481	0.000570199
482	0.000629508	482	0.000695407	482	0.000286834	482	-0.000352385	482	0.000761306	482	-0.000187638	482	0.00055043	482	0.000583379
483	0.000728357	483	0.000682227	483	0.000280244	483	-0.000398514	483	0.000655868	483	-0.000174458	483	0.000491121	483	0.000629508
484	0.000774486	484	0.000629508	484	0.000273654	484	-0.000312846	484	0.00053725	484	-0.000194228	484	0.000267064	484	0.000669048
485	0.000675638	485	0.000701997	485	0.000306604	485	-0.000339205	485	0.00055702	485	-0.000148099	485	0.000319784	485	0.000814025
486	0.000655868	486	0.000695407	486	0.000332963	486	-0.000365565	486	0.000497711	486	-0.000207408	486	0.000240705	486	0.000774486
487	0.000814025	487	0.000701997	487	0.000306604	487	-0.000279896	487	0.00051089	487	-0.000187638	487	0.000286834	487	0.000820615
488	0.000682227	488	0.000708587	488	0.000326373	488	-0.000352385	488	0.000484531	488	-0.000174458	488	0.000253885	488	0.000846975
489	0.000774486	489	0.000629508	489	0.000339553	489	-0.000332616	489	0.00051748	489	-0.000167868	489	0.000214345	489	0.000846975
490	0.000708587	490	0.000669048	490	0.000319784	490	-0.000345795	490	0.000491121	490	-0.000167868	490	0.000247295	490	0.000866744
491	0.000794256	491	0.000662458	491	0.000313194	491	-0.000556672	491	0.00051089	491	-0.000154689	491	0.000253885	491	0.000853565
492	0.000814025	492	0.000642688	492	0.000332963	492	-0.000405104	492	0.00053066	492	-0.000154689	492	0.000234115	492	0.000774486
493	0.000576789	493	0.000649278	493	0.000326373	493	-0.000358975	493	0.00051748	493	-0.000167868	493	0.000260475	493	0.000833795
494	0.000781076	494	0.000734947	494	0.000346143	494	-0.000431464	494	0.00054384	494	-0.000148099	494	0.000194576	494	0.000906284
495	0.000701997	495	0.000688817	495	0.000300014	495	-0.000339205	495	0.0005043	495	-0.000128329	495	0.000227525	495	0.000860154
496	0.000728357	496	0.000708587	496	0.000313194	496	-0.000424874	496	0.0005043	496	-0.000154689	496	0.000240705	496	0.000840385
497	0.000794256	497	0.000708587	497	0.000339553	497	-0.000365565	497	0.00051089	497	-0.000108559	497	0.000227525	497	0.000893104
498	0.000708587	498	0.000715177	498	0.000313194	498	-0.000510543	498	0.00051748	498	-0.000148099	498	0.000181396	498	0.000833795
499	0.000741536	499	0.000701997	499	0.000326373	499	-0.000391925	499	0.00053066	499	-0.000141509	499	0.000247295	499	0.000840385
500	0.000695407	500	0.000682227	500	0.000326373	500	-0.000602801	500	0.00052407	500	-0.000134919	500	0.000194576	500	0.000860154
501	0.000754716	501	0.000721767	501	0.000313194	501	-0.000181048	501	0.00051748	501	-0.000141509	501	0.000234115	501	0.000860154
502	0.000622918	502	0.000715177	502	0.000313194	502	-0.000484183	502	0.00051089	502	-0.000134919	502	0.000234115	502	0.000873334
503	0.000833795	503	0.000682227	503	0.000280244	503	-0.000365565	503	0.00051089	503	-0.000108559	503	0.000227525	503	0.000846975
504	0.000682227	504	0.000728357	504	0.000300014	504	-0.000431464	504	0.00051089	504	-0.000121739	504	0.000220935	504	0.000840385
505	0.000734947	505	0.000708587	505	0.000293424	505	-0.000583031	505	0.000491121	505	-0.000108559	505	0.000227525	505	0.000827205
506	0.000748126	506	0.000669048	506	0.000293424	506	-0.000536902	506	0.000484531	506	-0.000134919	506	0.000220935	506	0.000820615
507	0.000708587	507	0.000701997	507	0.000306604	507	-0.000477593	507	0.00052407	507	-0.000121739	507	0.000247295	507	0.000833795
508	0.000814025	508	0.000616329	508	0.000326373	508	-0.000438054	508	0.00052407	508	-0.000108559	508	0.000181396	508	0.000833795
509	0.000728357	509	0.000695407	509	0.000293424	509	-0.000273307	509	0.00051089	509	-0.000134919	509	0.000260475	509	0.000827205
510	0.000734947	510	0.000649278	510	0.000280244	510	-0.000424874	510	0.00051089	510	-0.000134919	510	0.000214345	510	0.000926053
511	0.000833795	511	0.000669048	511	0.000319784	511	-0.000279896	511	0.0005043	511	-0.000134919	511	0.000253885	511	0.000794256
512	0.000767896	512	0.000688817	512	0.000319784	512	-0.000246947	512	0.000477941	512	-0.000141509	512	0.000293424	512	0.000866744
513	0.000945823	513	0.000662458	513	0.000286834	513	-0.000279896	513	0.0005043	513	-0.000115149	513	0.000234115	513	0.000827205
514	0.000715177	514	0.000576789	514	0.000313194	514	-0.000299666	514	0.000491121	514	-0.000128329	514	0.000260475	514	0.000886514
515	0.000767896	515	0.000688817	515	0.000313194	515	-0.000398514	515	0.0005043	515	-0.000101969	515	0.000220935	515	0.000866744
516	0.000807435	516	0.000649278	516	0.000313194	516	-0.000391925	516	0.00052407	516	-9.53795E-5	516	0.000240705	516	0.000833795
517	0.000774486	517	0.000649278	517	0.000313194	517	-0.000339205	517	0.000497711	517	-0.000108559	517	0.000300014	517	0.000827205
518	0.000748126	518	0.000649278	518	0.000313194	518	-0.000339205	518	0.00053066	518	-0.000128329	518	0.000253885	518	0.000840385
519	0.000781076	519	0.000662458	519	0.000293424	519	-0.000345795	519	0.000497711	519	-8.21997E-5	519	0.000220935	519	0.000860154
520	0.000734947	520	0.000636098	520	0.000306604	520	-0.000411694	520	0.000497711	520	-9.53795E-5	520	0.000234115	520	0.000919463
521	0.000952413	521	0.000636098	521	0.000286834	521	-0.000451234	521	0.000477941	521	-0.000128329	521	0.000234115	521	0.000794256
522	0.000701997	522	0.000642688	522	0.000260475	522	-0.000451234	522	0.0005043	522	-0.000108559	522	0.000253885	522	0.000814025
523	0.000761306	523	0.000622918	523	0.000280244	523	-0.000345795	523	0.0005043	523	-8.87896E-5	523	0.000201166	523	0.000827205
524	0.000721767	524	0.000636098	524	0.000293424	524	-0.000372155	524	0.00051748	524	-8.21997E-5	524	0.000247295	524	0.000846975
525	0.000774486	525	0.000603149	525	0.000293424	525	-0.000365565	525	0.00053725	525	-0.000134919	525	0.000201166	525	0.000866744
526	0.000767896	526	0.000649278	526	0.000280244	526	-0.000227177	526	0.0005043	526	-0.000128329	526	0.000253885	526	0.000846975
527	0.000701997	527	0.000642688	527	0.000286834	527	-0.000602801	527	0.000484531	527	-0.000101969	527	0.000220935	527	0.000846975
528	0.000734947	528	0.000616329	528	0.000293424	528	-0.000312846	528	0.000484531	528	-0.000115149	528	0.000234115	528	0.000814025
529	0.000682227	529	0.000649278	529	0.000280244	529	-0.000543492	529	0.00051089	529	-0.000121739	529	0.000220935	529	0.000932643
530	0.000794256	530	0.000649278	530	0.000273654	530	-0.000438054	530	0.000491121	530	-0.000128329	530	0.000234115	530	0.000787666
531	0.000636098	531	0.000616329	531	0.000286834	531	-0.000490773	531	0.00053066	531	-0.000121739	531	0.000253885	531	0.000866744
532	0.000846975	532	0.000649278	532	0.000300014	532	-0.000365565	532	0.00051748	532	-0.000121739	532	0.000227525	532	0.000820615
533	0.000734947	533	0.000596559	533	0.000280244	533	-0.000339205	533	0.00051089	533	-9.53795E-5	533	0.000260475	533	0.000827205
534	0.000715177	534	0.000629508	534	0.000293424	534	-0.000405104	534	0.00051748	534	-9.53795E-5	534	0.000247295	534	0.000846975
535	0.000688817	535	0.000629508	535	0.000280244	535	-0.000352385	535	0.00053066	535	-0.000121739	535	0.000260475	535	0.000814025
536	0.000761306	536	0.000655868	536	0.000300014	536	-0.000332616	536	0.00051089	536	-0.000121739	536	0.000326373	536	0.000846975
537	0.000767896	537	0.000629508	537	0.000273654	537	-0.000358975	537	0.0005043	537	-0.000121739	537	0.000227525	537	0.000886514
538	0.000688817	538	0.000642688	538	0.000293424	538	-9.53795E-5	538	0.00051748	538	-0.000121739	538	0.000267064	538	0.000853565
539	0.000715177	539	0.000662458	539	0.000293424	539	-0.000411694	539	0.00052407	539	-0.000128329	539	0.000220935	539	0.000814025
540	0.000754716	540	0.000649278	540	0.000280244	540	-0.000471003	540	0.000497711	540	-0.000115149	540	0.000227525	540	0.000833795
541	0.000820615	541	0.000655868	541	0.000300014	541	-0.000497363	541	0.0005043	541	-0.000128329	541	0.000253885	541	0.000794256
542	0.000748126	542	0.000589969	542	0.000313194	542	-0.000424874	542	0.00051089	542	-0.000141509	542	0.000227525	542	0.000794256
543	0.000662458	543	0.000609739	543	0.000300014	543	-0.000405104	543	0.00053066	543	-0.000108559	543	0.000227525	543	0.000814025
544	0.000754716	544	0.00054384	544	0.000306604	544	-0.000365565	544	0.00052407	544	-0.000101969	544	0.000234115	544	0.000879924
545	0.000741536	545	0.000622918	545	0.000286834	545	-0.000345795	545	0.00051748	545	-0.000148099	545	0.000280244	545	0.000774486
546	0.000741536	546	0.000609739	546	0.000319784	546	-0.000358975	546	0.00051089	546	-0.000121739	546	0.000260475	546	0.000860154
547	0.000741536	547	0.000609739	547	0.000286834	547	-5.58402E-5	547	0.00051748	547	-0.000115149	547	0.000293424	547	0.000833795
548	0.000649278	548	0.000649278	548	0.000306604	548	-0.000438054	548	0.00051089	548	-0.000115149	548	0.000234115	548	0.000959003
549	0.000761306	549	0.000629508	549	0.000300014	549	-0.000213998	549	0.000484531	549	-0.000108559	549	0.000247295	549	0.000860154
550	0.000748126	550	0.000642688	550	0.000293424	550	-0.000352385	550	0.00053725	550	-0.000121739	550	0.000234115	550	0.000860154
551	0.000787666	551	0.000642688	551	0.000280244	551	-0.000471003	551	0.00051748	551	-0.000141509	551	0.000234115	551	0.000833795
552	0.000846975	552	0.000583379	552	0.000273654	552	-0.000490773	552	0.00051748	552	-0.000141509	552	0.000227525	552	0.000814025
553	0.000761306	553	0.000622918	553	0.000286834	553	-0.000391925	553	0.00052407	553	-0.000115149	553	0.000234115	553	0.000833795
554	0.000800845	554	0.000589969	554	0.000293424	554	-0.000352385	554	0.000484531	554	-0.000108559	554	0.000273654	554	0.000853565
555	0.000754716	555	0.000642688	555	0.000286834	555	-0.000411694	555	0.000491121	555	-0.000108559	555	0.000273654	555	0.000860154
556	0.000701997	556	0.000596559	556	0.000300014	556	-0.000339205	556	0.00051748	556	-0.000115149	556	0.000260475	556	0.000840385
557	0.000814025	557	0.000616329	557	0.000300014	557	-0.000391925	557	0.000491121	557	-9.53795E-5	557	0.000240705	557	0.000879924
558	0.000701997	558	0.000616329	558	0.000286834	558	-0.000246947	558	0.0005043	558	-0.000128329	558	0.000240705	558	0.000833795
559	0.000669048	559	0.000583379	559	0.000273654	559	-0.000378745	559	0.000491121	559	-0.000115149	559	0.000240705	559	0.000945823
560	0.000701997	560	0.000596559	560	0.000267064	560	-0.000372155	560	0.0005043	560	-0.000115149	560	0.000253885	560	0.000853565
561	0.000721767	561	0.00055043	561	0.000260475	561	-0.000332616	561	0.000497711	561	-0.000101969	561	0.000267064	561	0.000840385
562	0.000715177	562	0.000570199	562	0.000273654	562	-0.000293076	562	0.00053066	562	-6.24301E-5	562	0.000234115	562	0.000853565
563	0.000741536	563	0.00055043	563	0.000267064	563	-0.000424874	563	0.00051748	563	-0.000141509	563	0.000247295	563	0.000846975
564	0.000748126	564	0.000583379	564	0.000280244	564	-0.000319436	564	0.0005043	564	-0.000128329	564	0.000207755	564	0.000853565
565	0.000748126	565	0.000629508	565	0.000267064	565	-0.000312846	565	0.000497711	565	-0.000101969	565	0.000300014	565	0.000820615
566	0.000675638	566	0.000576789	566	0.000267064	566	-0.000372155	566	0.000484531	566	-0.000108559	566	0.000267064	566	0.000853565
567	0.000781076	567	0.000589969	567	0.000247295	567	-0.000181048	567	0.000497711	567	-0.000108559	567	0.000293424	567	0.000807435
568	0.000754716	568	0.000655868	568	0.000313194	568	-9.53795E-5	568	0.0005043	568	-0.000101969	568	0.000300014	568	0.000899694
569	0.000952413	569	0.000616329	569	0.000313194	569	-0.000227177	569	0.00052407	569	-0.000108559	569	0.000253885	569	0.000794256
570	0.000734947	570	0.000589969	570	0.000359323	570	-0.000358975	570	0.0005043	570	-0.000101969	570	0.000220935	570	0.000899694
571	0.000734947	571	0.000669048	571	0.000346143	571	-0.000339205	571	0.00054384	571	-0.000101969	571	0.000181396	571	0.000899694
572	0.000642688	572	0.000662458	572	0.000405452	572	-0.000451234	572	0.0005043	572	-4.26604E-5	572	0.000214345	572	0.000827205
573	0.000701997	573	0.000715177	573	0.000405452	573	-0.000490773	573	0.000497711	573	-9.71094E-6	573	0.000214345	573	0.000952413
574	0.000721767	574	0.000688817	574	0.000471351	574	-0.000405104	574	0.00051748	574	3.46884E-6	574	0.000122087	574	0.000985362
